_neutral,browDownLeft,browDownRight,browInnerUp,browOuterUpLeft,browOuterUpRight,cheekPuff,cheekSquintLeft,cheekSquintRight,eyeBlinkLeft,eyeBlinkRight,eyeLookDownLeft,eyeLookDownRight,eyeLookInLeft,eyeLookInRight,eyeLookOutLeft,eyeLookOutRight,eyeLookUpLeft,eyeLookUpRight,eyeSquintLeft,eyeSquintRight,eyeWideLeft,eyeWideRight,jawForward,jawLeft,jawOpen,jawRight,mouthClose,mouthDimpleLeft,mouthDimpleRight,mouthFrownLeft,mouthFrownRight,mouthFunnel,mouthLeft,mouthLowerDownLeft,mouthLowerDownRight,mouthPressLeft,mouthPressRight,mouthPucker,mouthRight,mouthRollLower,mouthRollUpper,mouthShrugLower,mouthShrugUpper,mouthSmileLeft,mouthSmileRight,mouthStretchLeft,mouthStretchRight,mouthUpperUpLeft,mouthUpperUpRight,noseSneerLeft,noseSneerRight
0.000002525,0.078698583,0.028401263,0.083611608,0.035039168,0.116951533,0.000038796,0.000001110,0.000000643,0.151186049,0.130058885,0.090667486,0.091560341,0.001386540,0.278753072,0.616324782,0.033354376,0.080788001,0.087168232,0.303500354,0.391148597,0.004132234,0.004715034,0.000072419,0.000627129,0.047267556,0.000750235,0.002187071,0.000949070,0.001598152,0.038149007,0.029003497,0.000192603,0.000199259,0.002103295,0.002064321,0.047102686,0.014796588,0.005267642,0.001437657,0.161747247,0.057821091,0.025908589,0.009336676,0.000042488,0.000022079,0.005423626,0.002190742,0.000047824,0.000050629,0.000000981,0.000003655
0.000003163,0.051964849,0.017694619,0.080692105,0.053940762,0.155122980,0.000082298,0.000001277,0.000000758,0.114064515,0.093043022,0.068652876,0.071114227,0.000782961,0.348953336,0.675834239,0.024203094,0.096092679,0.101035871,0.273286164,0.321627557,0.006170243,0.005714249,0.000136517,0.000483473,0.076368257,0.001152104,0.001845775,0.001289719,0.002207953,0.022765979,0.017905014,0.000344466,0.000273294,0.007655689,0.008266319,0.063894309,0.027801873,0.002268500,0.000838369,0.139089078,0.068967819,0.015934942,0.013757536,0.000094305,0.000054296,0.004835677,0.002361466,0.000265132,0.000282597,0.000001242,0.000005072
0.000002860,0.040929917,0.013015356,0.091961458,0.070169732,0.181397751,0.000045359,0.000000749,0.000000901,0.117360905,0.087066896,0.068598345,0.074023522,0.001411621,0.168512121,0.628420770,0.052322660,0.085262358,0.089133739,0.240900591,0.263978750,0.005699597,0.005797094,0.000076333,0.000689586,0.068729110,0.000615472,0.003625030,0.002857417,0.001446417,0.001852938,0.002331309,0.000585299,0.001148096,0.002205132,0.002844131,0.055815812,0.019429948,0.007731722,0.000445489,0.141863048,0.081965677,0.012882281,0.007064187,0.000053560,0.000031043,0.000707408,0.001893114,0.000135668,0.000089885,0.000000909,0.000003122
0.000003117,0.044997521,0.016035806,0.092103466,0.058545578,0.186486498,0.000125378,0.000000851,0.000001071,0.103402942,0.053468522,0.046270605,0.051313497,0.000969047,0.274598807,0.639039636,0.028388159,0.122315526,0.128682286,0.288884223,0.216760576,0.007158928,0.008148826,0.000187742,0.001026461,0.153397411,0.001407206,0.003684330,0.003622300,0.001762943,0.001721842,0.001670784,0.001035214,0.001271854,0.013979872,0.020433132,0.071166776,0.018253839,0.003340626,0.000252108,0.083169110,0.104973301,0.004718504,0.008830753,0.000122603,0.000054122,0.001493167,0.001185516,0.000448702,0.000255971,0.000001278,0.000004472
0.000002873,0.045675226,0.016979227,0.102202445,0.063365988,0.179716170,0.000155083,0.000000888,0.000001132,0.107946090,0.043065455,0.045063760,0.045832992,0.001084340,0.270808607,0.620506227,0.028749628,0.128108144,0.138967767,0.274758518,0.196548849,0.006889729,0.010015263,0.000256353,0.000929558,0.163833976,0.001868924,0.002569521,0.003554101,0.001655494,0.002013393,0.001917354,0.001100307,0.001024255,0.027181135,0.039988045,0.081330337,0.018900132,0.002302718,0.000267085,0.061307397,0.111203626,0.003156377,0.009639299,0.000172060,0.000074191,0.002134499,0.001375018,0.000654783,0.000398011,0.000001731,0.000005293
0.000004144,0.059786379,0.016808067,0.067624278,0.048213571,0.172840700,0.000124850,0.000000865,0.000001250,0.092386000,0.053430393,0.060967349,0.066096425,0.001826584,0.231247678,0.537829578,0.035118409,0.103761196,0.106389590,0.278679430,0.201422051,0.007978999,0.008709091,0.000128842,0.000624737,0.107709698,0.000920786,0.003428481,0.002932401,0.001910145,0.011327546,0.010266161,0.000222140,0.000914469,0.006188300,0.008437233,0.140371352,0.043000896,0.000641434,0.000192406,0.233106583,0.193018153,0.013248049,0.007512981,0.000207625,0.000099421,0.004862445,0.002506027,0.000194731,0.000134596,0.000000796,0.000004923
0.000004405,0.061943267,0.019024288,0.118090160,0.053506274,0.139992103,0.000072919,0.000000958,0.000001166,0.101950184,0.051180694,0.092338830,0.093574554,0.001242464,0.264813811,0.637526631,0.035513323,0.071302451,0.074697278,0.275547206,0.214776158,0.008035595,0.009736224,0.000076880,0.000327193,0.038544163,0.000509131,0.001404636,0.002665181,0.002217731,0.027297726,0.024486691,0.000075654,0.000721841,0.001705748,0.001934536,0.185848877,0.055947118,0.000664286,0.000377055,0.321828246,0.134070709,0.039445594,0.010649703,0.000256116,0.000130699,0.007761880,0.003929141,0.000076584,0.000073548,0.000000850,0.000004730
0.000003140,0.128064126,0.043841582,0.064320125,0.031106653,0.081199497,0.000033938,0.000000579,0.000000966,0.142227083,0.112550132,0.110969901,0.116871171,0.010011794,0.063610934,0.326698363,0.123040102,0.063955896,0.061967000,0.259450287,0.285584718,0.004800021,0.005359004,0.000051863,0.000402013,0.019416660,0.000166726,0.001272298,0.003261125,0.002420548,0.043392960,0.043952510,0.000047876,0.001730814,0.000834883,0.000766550,0.163078576,0.080853350,0.000600480,0.000124730,0.255354345,0.061937515,0.051292252,0.005199215,0.000446341,0.000304972,0.009849415,0.010136013,0.000036329,0.000044527,0.000000646,0.000003597
0.000003296,0.150158808,0.040963817,0.039963949,0.016339093,0.092991501,0.000058517,0.000000549,0.000001565,0.129570320,0.064820081,0.117541365,0.128275439,0.007289571,0.115810908,0.342480779,0.070496559,0.062391967,0.058513563,0.303638667,0.211145878,0.005818484,0.008156361,0.000066811,0.000792933,0.059588753,0.000309430,0.002020330,0.004521874,0.001382333,0.012842276,0.017010501,0.000096244,0.003976783,0.002444973,0.003226369,0.092908323,0.040436476,0.001257307,0.000051962,0.420993507,0.198618338,0.026922705,0.005797053,0.000081212,0.000048442,0.002085894,0.007398502,0.000065894,0.000046179,0.000000588,0.000003425
0.000002424,0.133441523,0.033148829,0.087345809,0.016289078,0.111727990,0.000211735,0.000001265,0.000001355,0.122856826,0.051434409,0.082007296,0.081998818,0.015623315,0.069740072,0.230834216,0.103094511,0.086175606,0.092155911,0.318816334,0.224622414,0.005616773,0.010761700,0.000438933,0.000348054,0.122669943,0.002470720,0.001460454,0.002768750,0.001949648,0.079772152,0.058108024,0.000268339,0.001994093,0.076482527,0.104558565,0.083766647,0.042856030,0.000268318,0.000030005,0.103404000,0.095658265,0.004461980,0.007138286,0.000447748,0.000275578,0.039284103,0.009434896,0.001278328,0.001145340,0.000001290,0.000006059
0.000001449,0.102252170,0.028229836,0.056557458,0.029991942,0.139478177,0.000243381,0.000000812,0.000001624,0.118609145,0.040231641,0.063542642,0.054059081,0.009323274,0.095988132,0.300598830,0.082132600,0.116417594,0.130475581,0.294214129,0.250641018,0.005437323,0.014165645,0.000768300,0.000350808,0.120990202,0.002462712,0.001756683,0.003470359,0.002331276,0.027309166,0.018641369,0.000345347,0.004063810,0.117565945,0.152491122,0.076165326,0.051019896,0.000167898,0.000010359,0.054161966,0.106766939,0.001204862,0.002737595,0.000955768,0.000626881,0.072068937,0.011304339,0.001030080,0.000784504,0.000000983,0.000004785
0.000001042,0.152454421,0.057846878,0.035371456,0.013257827,0.077369869,0.000212494,0.000000911,0.000001525,0.087799385,0.021881666,0.169849753,0.177766860,0.004531984,0.147117913,0.429079145,0.061790220,0.044980451,0.041463163,0.330080956,0.168256521,0.007990648,0.028218057,0.000540108,0.000602838,0.157128185,0.004339031,0.001343915,0.002125983,0.001825580,0.045712020,0.026626844,0.000280300,0.000968581,0.104536876,0.158838749,0.042193338,0.013491635,0.000539790,0.000060283,0.045491487,0.093860880,0.002193142,0.005382030,0.000179745,0.000089915,0.036385305,0.003938807,0.000717278,0.000580991,0.000001372,0.000005896
0.000001488,0.148400187,0.040830631,0.040172726,0.012070628,0.101629078,0.000225022,0.000001071,0.000001111,0.081696123,0.045138955,0.145192623,0.158307254,0.008964290,0.108600527,0.313406825,0.077112578,0.055717703,0.047259115,0.342755824,0.230027974,0.008289876,0.014746776,0.000442380,0.000437101,0.182814866,0.005380060,0.002182030,0.001648827,0.003160718,0.061090730,0.035117961,0.000263329,0.000698493,0.078944929,0.093358368,0.051794130,0.030205568,0.000289373,0.000077759,0.053573828,0.125466719,0.002765571,0.005394069,0.000254456,0.000165722,0.048762813,0.005837932,0.000722280,0.000712823,0.000001135,0.000005861
0.000002117,0.143737137,0.053112626,0.041293722,0.017289856,0.069952853,0.000228130,0.000001614,0.000001564,0.092404358,0.050227914,0.169539437,0.177052587,0.007699836,0.106301494,0.335100412,0.077700257,0.043577682,0.040442213,0.313590735,0.296680152,0.006672764,0.013901980,0.000544070,0.000509065,0.162228718,0.002890195,0.001994340,0.002136522,0.002501610,0.099044107,0.068248086,0.000313840,0.000887126,0.088421784,0.116906896,0.073066980,0.043265112,0.000288249,0.000060306,0.079798602,0.099091329,0.003593201,0.007381982,0.000421597,0.000276490,0.047911413,0.010853130,0.000964412,0.000981004,0.000001238,0.000008683
0.000001433,0.148199424,0.056521941,0.034898020,0.020954110,0.072296306,0.000159444,0.000000992,0.000001001,0.076510675,0.033989072,0.122452758,0.140187263,0.005362483,0.102613568,0.405505925,0.082930326,0.056936666,0.051706459,0.294848263,0.186736301,0.009178595,0.017448163,0.000312893,0.000289857,0.137344614,0.006915437,0.001222150,0.001212844,0.002827082,0.007302895,0.005612748,0.000468264,0.000341371,0.106879018,0.125762194,0.043258395,0.024891058,0.001531479,0.000550653,0.087940715,0.190160781,0.004314757,0.008949492,0.000059884,0.000042325,0.002916248,0.001899840,0.000818629,0.000733124,0.000001585,0.000005547
0.000001446,0.135365605,0.043650419,0.054273661,0.019585500,0.082830213,0.000147147,0.000000963,0.000000836,0.105927289,0.045653615,0.110826932,0.119464986,0.006789140,0.156810656,0.324008077,0.051369168,0.067205504,0.069888912,0.289413512,0.234597266,0.005955849,0.013403797,0.000332507,0.000186184,0.111125000,0.006402140,0.001095949,0.001230378,0.002549129,0.022126252,0.015189399,0.000345265,0.000477702,0.091910385,0.114648908,0.044834193,0.026822707,0.000874540,0.000235462,0.074997634,0.124361090,0.004185500,0.009412918,0.000119127,0.000080485,0.009003585,0.003201634,0.000940202,0.000968858,0.000001499,0.000004741
0.000001426,0.141051039,0.045810729,0.051179748,0.016741365,0.075822145,0.000124341,0.000000935,0.000000839,0.102131486,0.043076802,0.113974251,0.122594751,0.007288005,0.139332741,0.320509046,0.057280555,0.065247811,0.068847589,0.284355879,0.240186915,0.006175128,0.014545104,0.000278648,0.000243353,0.113023996,0.005618254,0.001213509,0.001298871,0.002239940,0.013960533,0.010427562,0.000361385,0.000422563,0.070843942,0.091304414,0.044610929,0.022196703,0.001327013,0.000342600,0.087462440,0.141629800,0.004465322,0.008492487,0.000079116,0.000049573,0.004756746,0.002363584,0.000598188,0.000548333,0.000001398,0.000004451
0.000001332,0.123059317,0.046028189,0.041717615,0.020319343,0.076593027,0.000129778,0.000000767,0.000000839,0.117175177,0.069552675,0.089493260,0.102408960,0.007611800,0.164176434,0.300634712,0.048395086,0.086463854,0.086595386,0.313671798,0.251089662,0.005637550,0.009001646,0.000297607,0.000296872,0.116275936,0.006711783,0.001012461,0.001062608,0.002201706,0.011916213,0.009357910,0.000496505,0.000394772,0.132073060,0.154148489,0.030335750,0.021048153,0.002293937,0.000381137,0.091775261,0.164658487,0.004041500,0.008205209,0.000041286,0.000029319,0.002750275,0.002348420,0.000554369,0.000544536,0.000001967,0.000004216
0.000001386,0.183938220,0.063895501,0.016117930,0.012354490,0.056694031,0.000078190,0.000000469,0.000000840,0.110069267,0.057633791,0.097483948,0.110916615,0.017386178,0.078081660,0.211673602,0.091328070,0.076293021,0.070947498,0.288625449,0.206180125,0.005510928,0.009880066,0.000182291,0.000571986,0.109676063,0.001857343,0.001757004,0.002171508,0.001501416,0.005725932,0.005288975,0.000533688,0.003109914,0.022729857,0.030887136,0.036610764,0.018951068,0.002801959,0.000055852,0.106902473,0.148693055,0.003430679,0.004869044,0.000055886,0.000034961,0.001950579,0.002381739,0.000159005,0.000142855,0.000000908,0.000002604
0.000000841,0.158889696,0.059568055,0.028766768,0.019980611,0.083200514,0.000106858,0.000000575,0.000000734,0.075661577,0.025718406,0.115469448,0.132609442,0.004358335,0.210756734,0.377127349,0.038050622,0.059372757,0.057506837,0.228400335,0.124824300,0.008811163,0.020600269,0.000267981,0.000561038,0.110580124,0.003980678,0.000860027,0.000788404,0.002724573,0.005853409,0.003410037,0.000685865,0.000426297,0.081104100,0.092789821,0.022767177,0.011845272,0.004147082,0.000548068,0.058943551,0.131654024,0.002762029,0.009205346,0.000033533,0.000020240,0.003893842,0.000862542,0.000366884,0.000425604,0.000001662,0.000002781
0.000001548,0.231222168,0.090618104,0.021684781,0.007468550,0.036646444,0.000054730,0.000000544,0.000000830,0.084751591,0.040467665,0.150054261,0.169547126,0.007649887,0.166555092,0.297618717,0.048210058,0.049264152,0.045373447,0.273024082,0.193700552,0.007318149,0.013607663,0.000127066,0.000564505,0.086229749,0.001580564,0.002274713,0.001242994,0.001670317,0.010921780,0.009232611,0.000339521,0.000654098,0.009466204,0.012481309,0.042280957,0.018737065,0.004032679,0.000339308,0.138271019,0.117777139,0.006602588,0.004744968,0.000039250,0.000025261,0.002430279,0.002389010,0.000047945,0.000060025,0.000000782,0.000002606
0.000001630,0.224782780,0.077436090,0.017878570,0.008097142,0.048934750,0.000065421,0.000000492,0.000000881,0.082805961,0.036712237,0.140152603,0.155550539,0.009243499,0.175285533,0.255631268,0.042390119,0.051847033,0.048996564,0.236144930,0.175303549,0.007124740,0.014444412,0.000148491,0.000662158,0.103295326,0.001689332,0.002029285,0.001786975,0.001829847,0.006920315,0.005851060,0.000447270,0.001020635,0.014531973,0.020348484,0.055887278,0.021680875,0.002738622,0.000223479,0.129485324,0.133619368,0.005517426,0.006136827,0.000057499,0.000035282,0.002418629,0.002005676,0.000098891,0.000108800,0.000000826,0.000002424
0.000001674,0.217956707,0.063791484,0.019748321,0.008291347,0.060592387,0.000068707,0.000000504,0.000000897,0.081385970,0.035560552,0.144230917,0.159488961,0.006607594,0.208906412,0.296511561,0.036385648,0.050055631,0.046295512,0.230546549,0.170961440,0.007321618,0.014461832,0.000161414,0.000600036,0.097683445,0.001586516,0.001998069,0.001813199,0.001649687,0.008840261,0.007354611,0.000431123,0.001241148,0.013744162,0.019808061,0.056400184,0.021511964,0.002400924,0.000160416,0.119390100,0.113549106,0.005374780,0.006075711,0.000073511,0.000043895,0.003171944,0.002348481,0.000110237,0.000120800,0.000000813,0.000002558
0.000001488,0.172034562,0.059890490,0.021647152,0.013903830,0.062564440,0.000043070,0.000000622,0.000000789,0.090811603,0.041355710,0.161556244,0.175383553,0.010651301,0.157345816,0.238443255,0.046287816,0.044934336,0.043745447,0.237582073,0.211123958,0.006261409,0.013817529,0.000111317,0.000550605,0.088799611,0.001709304,0.002231063,0.000984766,0.001240325,0.009502753,0.008470360,0.000563617,0.001040280,0.009713769,0.011785955,0.026858766,0.013786537,0.006138241,0.000224644,0.114164829,0.071579933,0.007342879,0.007953472,0.000034327,0.000023003,0.002003448,0.002406283,0.000093639,0.000111124,0.000000806,0.000002350
0.000001384,0.201984093,0.051458631,0.015498890,0.013899496,0.082748689,0.000078425,0.000000524,0.000001288,0.072555453,0.014477335,0.214395493,0.215297416,0.007010839,0.154426187,0.313327760,0.049013320,0.032385156,0.031976093,0.181213856,0.136969134,0.008414011,0.037624501,0.000205290,0.000540950,0.110783450,0.002186294,0.002167564,0.002487945,0.000731415,0.006737508,0.006753485,0.000476698,0.002043999,0.017642701,0.034132525,0.052113310,0.010089863,0.002992490,0.000086493,0.093652636,0.142847985,0.003171917,0.004522200,0.000065300,0.000027994,0.002752905,0.002269035,0.000142254,0.000099781,0.000000855,0.000003065
0.000001187,0.184793890,0.061108898,0.015664162,0.021814698,0.083476201,0.000080185,0.000000599,0.000000931,0.057565078,0.017496468,0.128250301,0.140716985,0.002715013,0.211797506,0.476580650,0.038784843,0.050109480,0.048288200,0.147715360,0.122854024,0.010206087,0.029922010,0.000236635,0.000392882,0.147987798,0.005925008,0.001925058,0.001342299,0.001727324,0.002260059,0.001892016,0.001407086,0.000786313,0.032542482,0.043613121,0.025805993,0.008750821,0.006627744,0.000394004,0.052476451,0.125792563,0.002180260,0.007422352,0.000040586,0.000023911,0.001599380,0.001066662,0.000254572,0.000258715,0.000001123,0.000002688
0.000000958,0.256918103,0.114954092,0.006459954,0.008359667,0.038422871,0.000080001,0.000000333,0.000000798,0.086681224,0.030991428,0.148590669,0.174323201,0.003164608,0.184905902,0.474433243,0.045342386,0.046991806,0.038469139,0.281001896,0.177471966,0.008019653,0.015690999,0.000310498,0.000545005,0.146261171,0.004093908,0.003086546,0.002560060,0.003749353,0.000348465,0.000317330,0.001940250,0.000667866,0.030938989,0.041645255,0.028288163,0.012132697,0.008291649,0.000669965,0.041147541,0.152504414,0.000875007,0.002794272,0.000057402,0.000044121,0.000558362,0.000863924,0.000108243,0.000118115,0.000000753,0.000001923
0.000000649,0.154537812,0.054524131,0.013125290,0.025843291,0.084532239,0.000079012,0.000000339,0.000000731,0.089663178,0.025668956,0.103562057,0.124932244,0.004364553,0.181779251,0.416860342,0.044029903,0.066498548,0.061248891,0.242384493,0.146531656,0.007490490,0.020275231,0.000428318,0.000277252,0.130957723,0.008707230,0.001608331,0.002772125,0.003269469,0.000146934,0.000147008,0.004268243,0.000369129,0.093387857,0.132693321,0.021433396,0.007543342,0.012903187,0.001545476,0.017925778,0.095664993,0.000490472,0.004404648,0.000072794,0.000057840,0.000413851,0.000793436,0.000435140,0.000423099,0.000001433,0.000001820
0.000000633,0.164919719,0.065486893,0.010844361,0.023506295,0.068621658,0.000076734,0.000000321,0.000000785,0.092403188,0.026777115,0.116466753,0.138473749,0.004883519,0.160908714,0.403836995,0.049613949,0.058984004,0.054194499,0.246473327,0.151808128,0.007244404,0.019533750,0.000440860,0.000329523,0.137261942,0.007466278,0.001753754,0.003056242,0.003546461,0.000130034,0.000135440,0.004597364,0.000445339,0.093082696,0.129116803,0.020097151,0.008212151,0.013331938,0.001253767,0.018309368,0.099115334,0.000429507,0.003938918,0.000073585,0.000063589,0.000369351,0.000896716,0.000385273,0.000386216,0.000001323,0.000001839
0.000000699,0.146590322,0.055661455,0.014482263,0.026098967,0.078575611,0.000064551,0.000000342,0.000000624,0.092415906,0.030669933,0.132558450,0.148013040,0.005253041,0.220322296,0.351042271,0.033950143,0.053926904,0.054529093,0.237762287,0.195288405,0.006737636,0.018379360,0.000284239,0.000429932,0.122331128,0.003765759,0.002158881,0.002037526,0.003707096,0.000521093,0.000416131,0.001929711,0.000643730,0.036836382,0.048146527,0.021795414,0.009285464,0.008315896,0.000565264,0.030257093,0.079366036,0.000829440,0.003748101,0.000078453,0.000055699,0.000954171,0.000789374,0.000176061,0.000197981,0.000000873,0.000001660
0.000001023,0.156595349,0.049264338,0.015551317,0.021192515,0.092690170,0.000047747,0.000000355,0.000000730,0.090073727,0.032890994,0.091637477,0.104559109,0.002940714,0.223678321,0.481683999,0.038535304,0.074165098,0.069895759,0.221899927,0.181928858,0.007103867,0.015974833,0.000164837,0.000512261,0.105789356,0.003188490,0.002500485,0.002470318,0.003262725,0.000306349,0.000338254,0.001641794,0.001223751,0.013847842,0.018663507,0.016373148,0.008125469,0.026965724,0.000559514,0.079581864,0.125436261,0.002154654,0.003565655,0.000016953,0.000012528,0.000205096,0.000744118,0.000067161,0.000068221,0.000000850,0.000001423
0.000000799,0.213073149,0.088442020,0.008872818,0.014103505,0.060599834,0.000007988,0.000000135,0.000000515,0.096567124,0.061608043,0.098967269,0.113574170,0.004537464,0.178947970,0.465358496,0.052432373,0.084107369,0.068643317,0.252362967,0.199670225,0.008060150,0.010942151,0.000026561,0.000642380,0.022011433,0.001396964,0.003415866,0.003533063,0.006265548,0.000015226,0.000026869,0.001074047,0.001413412,0.000440376,0.000395755,0.006887197,0.004635497,0.576058745,0.006939933,0.120559528,0.115542792,0.012506984,0.001396740,0.000001105,0.000001167,0.000010969,0.000343916,0.000002374,0.000002267,0.000000922,0.000000349
0.000001210,0.186844856,0.089235537,0.015476881,0.017707769,0.050936483,0.000007004,0.000000216,0.000000635,0.070259802,0.055995159,0.099908680,0.116558202,0.004779793,0.173411801,0.446296751,0.050965484,0.076097555,0.068243496,0.190697253,0.194559112,0.010605767,0.011550914,0.000023580,0.000419064,0.016866060,0.001391909,0.002339719,0.006960954,0.004141824,0.000034744,0.000076166,0.000902493,0.000427466,0.000312080,0.000426378,0.014602100,0.004076208,0.570862770,0.020855391,0.147437036,0.061945420,0.027228605,0.002922021,0.000001466,0.000001216,0.000012048,0.000660630,0.000003694,0.000002372,0.000001436,0.000000549
0.000001131,0.164649576,0.086124778,0.021643510,0.014277941,0.033632491,0.000008493,0.000000178,0.000000702,0.188134894,0.166358516,0.121335298,0.142070740,0.005605912,0.136603057,0.455646634,0.070488654,0.075572580,0.064737678,0.316291302,0.370079786,0.004023104,0.003889360,0.000035080,0.000518214,0.018179122,0.000721586,0.003834062,0.008247206,0.001851947,0.000078434,0.000173381,0.000698390,0.000814968,0.000351352,0.000544391,0.021745514,0.004042915,0.304174781,0.004613282,0.088349722,0.052675981,0.011094906,0.001311291,0.000005560,0.000004023,0.000040274,0.002060880,0.000004290,0.000001972,0.000001140,0.000000771
0.000000918,0.138376787,0.090891823,0.025458081,0.015503255,0.029641010,0.000008428,0.000000213,0.000000611,0.204019040,0.176233068,0.123944104,0.136418611,0.006623388,0.081547499,0.469394118,0.119059779,0.072581977,0.065873623,0.314956486,0.404186964,0.003480332,0.003589671,0.000036977,0.000508254,0.016298112,0.000676104,0.003324503,0.006147824,0.002001917,0.000113029,0.000200786,0.000564159,0.000429680,0.000388502,0.000570886,0.026229927,0.004224045,0.233919859,0.007686459,0.073138408,0.039573766,0.011270616,0.001309973,0.000008451,0.000005742,0.000073979,0.001636433,0.000004495,0.000002417,0.000001040,0.000000821
0.000000344,0.044461146,0.044411823,0.058226101,0.052622743,0.068296619,0.000007497,0.000000100,0.000000379,0.666914940,0.658876896,0.687480092,0.700837851,0.017970482,0.309031993,0.315675497,0.011998179,0.006509498,0.006433315,0.471394241,0.590696573,0.000484930,0.000288057,0.000035793,0.000641639,0.018630827,0.000631735,0.003522561,0.001584365,0.001983940,0.000290028,0.000315570,0.000459012,0.000496582,0.000681914,0.001030651,0.011603600,0.004037725,0.183941573,0.004377610,0.028983796,0.034135573,0.003223868,0.000732874,0.000013501,0.000010260,0.000290169,0.001784310,0.000005252,0.000004273,0.000001530,0.000000305
0.000000655,0.062786870,0.040065743,0.052492056,0.042116448,0.076945148,0.000038443,0.000000183,0.000000533,0.705819011,0.719952047,0.691955388,0.711326659,0.044128109,0.144672617,0.145000160,0.044005595,0.006789346,0.005499824,0.571699381,0.644288361,0.000405631,0.000169636,0.000143483,0.000906203,0.163265556,0.006937357,0.008099712,0.004147754,0.005045951,0.000032163,0.000042232,0.005032433,0.000190442,0.017552501,0.035841528,0.014376233,0.004778272,0.135579258,0.010228922,0.043782216,0.173752338,0.000538483,0.000944323,0.000008936,0.000008192,0.000048521,0.000766626,0.000034315,0.000021500,0.000001531,0.000000576
0.000000909,0.117768750,0.038271222,0.097629182,0.010181396,0.045542296,0.000059091,0.000000210,0.000000540,0.472180724,0.410932332,0.486894161,0.506889582,0.013127354,0.235846907,0.253016323,0.033411637,0.016266080,0.014468835,0.468075216,0.504374266,0.000933658,0.000658583,0.000202433,0.000581609,0.187269196,0.004049246,0.005896891,0.002356983,0.003250943,0.000479840,0.000465845,0.001679774,0.000429956,0.022793561,0.037195079,0.027372831,0.013123778,0.007324696,0.000759668,0.037838470,0.160606250,0.000716028,0.001615175,0.000065162,0.000060542,0.000584253,0.002328918,0.000095027,0.000098194,0.000000700,0.000001197
0.000001138,0.108116649,0.036266834,0.080624908,0.015150674,0.063434370,0.000058903,0.000000586,0.000000684,0.242195651,0.163762107,0.244517088,0.275250107,0.005546265,0.113087721,0.444208264,0.087042019,0.031537026,0.025898321,0.337611526,0.363768399,0.002515879,0.003643213,0.000207752,0.000499654,0.151842922,0.003709647,0.004970481,0.001963742,0.003471182,0.000990781,0.000875238,0.001485732,0.000431820,0.017164050,0.026694708,0.030094180,0.013054224,0.007901537,0.000806340,0.060405970,0.110447757,0.001837061,0.002843163,0.000048289,0.000040076,0.000606260,0.001573257,0.000103488,0.000110970,0.000000726,0.000002707
0.000001525,0.110836402,0.060427461,0.044332676,0.015477912,0.046733219,0.000057769,0.000001066,0.000000785,0.163479000,0.126406148,0.236943588,0.248509735,0.004148416,0.139227420,0.485778242,0.073944956,0.031704374,0.028958563,0.276306391,0.401635915,0.003834449,0.005626110,0.000163881,0.000396917,0.113240495,0.004225626,0.003619073,0.001356337,0.002995528,0.003807875,0.003084728,0.000701380,0.000099270,0.012803940,0.021052727,0.045505598,0.012497731,0.007417938,0.003593853,0.100561447,0.090880588,0.005777006,0.005581505,0.000038975,0.000025317,0.001045094,0.001610719,0.000093312,0.000096919,0.000000892,0.000003913
0.000001619,0.122866035,0.068129294,0.035061095,0.013901843,0.042612765,0.000065863,0.000000987,0.000000799,0.169159815,0.134303689,0.239833832,0.251823425,0.004146372,0.145291388,0.481409550,0.070080094,0.031872507,0.028832842,0.288219422,0.402747363,0.003752493,0.005076638,0.000180295,0.000401607,0.119057402,0.004137582,0.003817597,0.001426744,0.003336369,0.004625284,0.003605377,0.000609034,0.000098715,0.013774755,0.022089319,0.052596126,0.015124654,0.004577877,0.002970435,0.097764738,0.100066572,0.005293289,0.005240416,0.000055551,0.000037058,0.001421909,0.001864786,0.000101604,0.000111033,0.000000830,0.000004074
0.000000660,0.170354575,0.071025006,0.022314340,0.012232456,0.050071519,0.000021022,0.000000269,0.000000527,0.143469378,0.091724262,0.183430687,0.208524019,0.005116248,0.198285714,0.413217843,0.049069285,0.046747912,0.038871437,0.301566482,0.239966363,0.005422490,0.007765363,0.000100201,0.000585323,0.043715406,0.001349370,0.002538905,0.000854509,0.001929465,0.001195887,0.001107009,0.000810931,0.000757086,0.003838582,0.004467444,0.010358924,0.005278940,0.046733327,0.000842020,0.047064230,0.044615924,0.002677449,0.001927888,0.000012911,0.000010142,0.000424523,0.001396033,0.000015818,0.000016077,0.000000940,0.000001350
0.000000808,0.093531929,0.042305022,0.070061311,0.034248669,0.089988500,0.000015111,0.000000464,0.000000348,0.145023555,0.088607639,0.138888314,0.146655813,0.003921330,0.189754620,0.475450754,0.053753082,0.058177095,0.057780169,0.260713249,0.254647225,0.004798762,0.008700771,0.000055207,0.000262766,0.014568600,0.000965865,0.001297496,0.000672829,0.003161126,0.005032782,0.003039819,0.000199777,0.000093288,0.000841423,0.000953866,0.041369516,0.008655843,0.015467844,0.008844529,0.047491681,0.017857224,0.016058866,0.004016391,0.000043137,0.000024376,0.002243507,0.000876164,0.000013030,0.000014416,0.000001089,0.000001500
0.000000832,0.066341400,0.033425216,0.062857032,0.053900085,0.103082053,0.000008547,0.000000301,0.000000579,0.079460107,0.028441435,0.126586810,0.122700483,0.003228308,0.184473798,0.524475336,0.056040861,0.067473941,0.071727000,0.175378978,0.159817338,0.009507648,0.026478983,0.000025453,0.000277004,0.017643644,0.001015360,0.001940526,0.001048801,0.005571304,0.000850971,0.001029546,0.000206533,0.000211060,0.000601566,0.000392632,0.018358935,0.014282195,0.064478286,0.008912773,0.138771906,0.066453032,0.023784047,0.001721207,0.000006252,0.000007177,0.000160581,0.001306769,0.000003926,0.000005052,0.000000839,0.000001068
0.000000697,0.020535193,0.009690398,0.187815130,0.070485592,0.150370896,0.000009335,0.000000249,0.000000513,0.077416047,0.044885345,0.109133057,0.114330985,0.004097490,0.212109908,0.479121834,0.048022736,0.090887278,0.091801956,0.205010012,0.205261752,0.012024854,0.018265756,0.000019473,0.000885692,0.023365026,0.000429933,0.002176837,0.000943492,0.010160753,0.000492794,0.000592853,0.000140520,0.000263450,0.000713314,0.000360136,0.016862089,0.028838851,0.058977999,0.009813019,0.248330414,0.150907785,0.032108817,0.001204170,0.000003991,0.000005279,0.000093176,0.000948991,0.000002006,0.000003319,0.000000723,0.000000784
0.000000528,0.004641095,0.002439060,0.307482690,0.217366874,0.290983766,0.000007271,0.000000274,0.000000439,0.067842647,0.028733654,0.119669683,0.113534793,0.005204722,0.214569271,0.417028695,0.044155654,0.091927059,0.099738687,0.150824487,0.202113345,0.015147258,0.032615516,0.000018394,0.000491395,0.015979009,0.000481591,0.001387330,0.000519383,0.003805640,0.003190508,0.003933647,0.000100939,0.000703730,0.000746996,0.000260051,0.007877445,0.021687126,0.041344550,0.001768885,0.151466593,0.070812419,0.041931905,0.001935575,0.000003534,0.000005086,0.000259740,0.002044194,0.000004552,0.000008431,0.000000822,0.000000707
0.000000521,0.004001257,0.002099691,0.330583692,0.229477271,0.304892153,0.000007204,0.000000274,0.000000425,0.073344417,0.030843424,0.116138011,0.110155992,0.005643303,0.215248004,0.401033342,0.043864936,0.096305966,0.104398206,0.159004092,0.209997714,0.014282195,0.030181484,0.000018655,0.000490845,0.015698122,0.000469469,0.001415867,0.000490554,0.003792119,0.003534498,0.004329879,0.000101733,0.000785861,0.000755131,0.000254094,0.007368842,0.022505797,0.040501915,0.001497374,0.146095246,0.066039227,0.041674484,0.001937614,0.000003656,0.000005459,0.000284989,0.002266658,0.000004566,0.000008902,0.000000823,0.000000680
0.000000472,0.001703941,0.001042934,0.475700229,0.271875858,0.335159123,0.000027797,0.000000301,0.000000721,0.070552409,0.026599210,0.211204812,0.215316907,0.002317646,0.478293806,0.465022713,0.013328488,0.051545206,0.052551731,0.158033177,0.175832510,0.018670157,0.031513415,0.000147586,0.000281521,0.021627167,0.000494237,0.000760808,0.002099893,0.002431832,0.004129346,0.005458565,0.000287270,0.000449317,0.008570542,0.007949018,0.019934509,0.018358609,0.008002551,0.000656176,0.041822840,0.020009169,0.004270819,0.002507078,0.000072145,0.000079112,0.001073031,0.008416356,0.000114802,0.000174310,0.000001679,0.000001226
0.000000500,0.001381246,0.000454120,0.461848587,0.287301421,0.492874920,0.000075868,0.000000795,0.000000741,0.095871225,0.026656363,0.232777014,0.266188383,0.008354671,0.263838917,0.258472532,0.026408458,0.043897364,0.040148877,0.199702308,0.080161043,0.014625762,0.035176355,0.000303615,0.000370250,0.154638126,0.003787789,0.001475107,0.000925307,0.001833757,0.012291909,0.012330536,0.002024580,0.000706037,0.090642914,0.072709925,0.008495957,0.012887856,0.005241902,0.000230511,0.025100624,0.030829536,0.001049628,0.005469482,0.000088194,0.000098254,0.002708232,0.006179408,0.000814040,0.001162708,0.000002388,0.000002156
0.000000413,0.001406135,0.000600623,0.486975372,0.268996090,0.425415546,0.000052347,0.000000592,0.000001046,0.105688624,0.020547727,0.223747343,0.257985026,0.010180369,0.241077200,0.243649304,0.029298257,0.049369916,0.045978382,0.221827999,0.076407634,0.015078994,0.045873225,0.000270084,0.000635202,0.142008424,0.002501580,0.001725875,0.001451078,0.001006127,0.003317046,0.004654586,0.002451087,0.001015436,0.066888571,0.063554116,0.006798503,0.006463275,0.015023214,0.000246878,0.027358312,0.040403463,0.000760080,0.003157479,0.000031103,0.000030075,0.000958508,0.007972575,0.000336227,0.000352148,0.000002593,0.000001768
0.000000320,0.002539293,0.000569872,0.417790085,0.264060706,0.579317093,0.000059602,0.000000462,0.000000600,0.124132656,0.061693143,0.171058923,0.203574702,0.025261698,0.091882952,0.158040494,0.074737169,0.058674026,0.052521706,0.251950711,0.135729536,0.009800321,0.018309426,0.000328049,0.000443179,0.036306817,0.000723242,0.000435967,0.001425365,0.001112866,0.011696212,0.009467036,0.001202099,0.002001456,0.059586182,0.056884963,0.020554153,0.012151846,0.003353117,0.000070714,0.015403088,0.022004865,0.000771230,0.002505342,0.000175733,0.000108342,0.009443063,0.005099137,0.000673157,0.000512756,0.000002877,0.000001716
0.000000442,0.005723687,0.002376569,0.237643868,0.186986104,0.316030174,0.000034064,0.000000387,0.000000561,0.129823774,0.095053934,0.266565502,0.294571459,0.012525354,0.155402571,0.224911273,0.046902765,0.032783493,0.028004963,0.240304708,0.148659274,0.007804460,0.011438790,0.000146302,0.000511779,0.026680168,0.000397000,0.000740521,0.001035466,0.001088799,0.034499452,0.028061820,0.000321084,0.000672149,0.008125550,0.008366651,0.024995357,0.013192232,0.004214873,0.000261824,0.036889061,0.025432136,0.003225253,0.002440369,0.000074753,0.000049990,0.007944906,0.005069336,0.000094895,0.000103405,0.000002146,0.000001648
0.000000470,0.005104634,0.002313259,0.252496064,0.198468417,0.306573480,0.000040124,0.000000420,0.000000579,0.138852656,0.112877280,0.236365080,0.257967830,0.010369943,0.154750466,0.254333436,0.048970446,0.036941223,0.032781202,0.228314146,0.166056842,0.006899432,0.009392905,0.000174255,0.000474968,0.030989153,0.000442270,0.000782828,0.001084431,0.001457070,0.034724109,0.027558239,0.000325108,0.000726986,0.010987398,0.010681739,0.026348010,0.018286288,0.003000770,0.000212208,0.039597794,0.030251019,0.002831411,0.002364908,0.000098391,0.000073638,0.008732722,0.006025038,0.000114142,0.000139780,0.000002013,0.000001788
0.000000498,0.004457067,0.001226909,0.299706131,0.191712141,0.403571129,0.000029250,0.000000420,0.000000584,0.107378900,0.049901765,0.213696882,0.233828992,0.007412473,0.153507859,0.326329798,0.055315197,0.043480128,0.037545741,0.258662790,0.114388928,0.009535591,0.019177645,0.000102641,0.000735430,0.027968915,0.000341439,0.000831608,0.000708281,0.001653223,0.012002294,0.011931443,0.000379666,0.001995234,0.006675726,0.004628587,0.014772460,0.023453748,0.007357905,0.000140205,0.055410720,0.035013743,0.005443281,0.003126395,0.000035752,0.000033064,0.001744507,0.003888933,0.000061851,0.000078090,0.000001589,0.000001649
0.000000909,0.003990589,0.001276621,0.345698893,0.147590190,0.388618350,0.000115880,0.000000876,0.000001173,0.067530967,0.034844857,0.192934006,0.201651722,0.007398471,0.222704619,0.282299131,0.033888683,0.048081163,0.050211120,0.181202874,0.157592922,0.013262792,0.027326215,0.000329371,0.000842299,0.099636659,0.000724821,0.001426221,0.001850026,0.002234227,0.036753695,0.032259669,0.000447675,0.000912383,0.057547398,0.060744707,0.050512817,0.037658188,0.000756720,0.000103725,0.081880115,0.085847721,0.002463596,0.004244416,0.000245934,0.000169656,0.011122108,0.007464080,0.000474255,0.000505261,0.000001443,0.000003612
0.000000478,0.002914733,0.001071614,0.392344058,0.175513357,0.386800975,0.000097016,0.000000532,0.000000701,0.078643151,0.031324118,0.121126801,0.138052776,0.021394050,0.094674036,0.171178117,0.068802938,0.081126086,0.080381818,0.274320811,0.128708258,0.012366435,0.026225936,0.000246609,0.000775644,0.162877262,0.001584082,0.002974966,0.001653963,0.002041933,0.008325405,0.005506955,0.000648814,0.000853898,0.048680600,0.048420586,0.028806284,0.015496364,0.001352547,0.000133537,0.037741408,0.078885935,0.001145502,0.002014968,0.000133621,0.000082899,0.009514811,0.002147684,0.000326076,0.000299359,0.000001031,0.000001723
0.000000657,0.002874464,0.001453801,0.379810840,0.175856620,0.346385419,0.000105653,0.000000645,0.000000750,0.075375482,0.027564790,0.075413495,0.085368164,0.017383203,0.111063503,0.183715045,0.057944294,0.117470637,0.125745788,0.227631524,0.123341925,0.012294462,0.026477447,0.000222332,0.001063430,0.178823233,0.001508064,0.002657726,0.001680567,0.002280699,0.009827889,0.006943995,0.000643835,0.001115273,0.058872897,0.051019866,0.030273570,0.019221544,0.001221424,0.000110998,0.042446021,0.070985377,0.001814903,0.003988284,0.000154889,0.000100054,0.007447358,0.002269542,0.000582383,0.000492315,0.000001275,0.000002111
0.000000624,0.006509001,0.003126658,0.261363775,0.148611560,0.247272387,0.000031950,0.000000461,0.000000739,0.095348306,0.040738232,0.159306660,0.171709076,0.011976307,0.145661458,0.240020171,0.051987927,0.058094393,0.057229877,0.276578814,0.159404844,0.009956201,0.018712733,0.000124924,0.000713006,0.049415536,0.000614613,0.001867356,0.000816028,0.000585585,0.008693707,0.009174042,0.000674714,0.002676521,0.008024415,0.007597697,0.013717802,0.009690728,0.010290080,0.000086426,0.041984152,0.032790769,0.002529720,0.002992512,0.000041237,0.000029660,0.002593534,0.005944842,0.000083107,0.000074687,0.000001430,0.000001718
0.000000660,0.006658691,0.003425595,0.252788246,0.149259403,0.236869052,0.000027544,0.000000478,0.000000841,0.088474274,0.036525741,0.176680282,0.188410312,0.014421871,0.127597719,0.218195334,0.057576913,0.051523998,0.051374447,0.247254759,0.140558630,0.010447384,0.021515161,0.000106753,0.000717321,0.045365520,0.000579188,0.001868134,0.000889976,0.000547657,0.008269387,0.009587387,0.000618847,0.002376994,0.006110766,0.005994366,0.016238283,0.009745367,0.012281133,0.000115051,0.051673826,0.035345379,0.003314061,0.003032481,0.000033669,0.000023454,0.002211112,0.006719815,0.000064189,0.000053629,0.000001499,0.000001695
0.000000946,0.006677076,0.002873475,0.252861530,0.132183865,0.271829754,0.000015682,0.000000549,0.000000760,0.107804909,0.074789219,0.177577093,0.188687056,0.006142251,0.187748298,0.380413711,0.048460640,0.054134905,0.050611451,0.220872968,0.200347275,0.008580020,0.013021580,0.000029386,0.000975147,0.023563312,0.000296611,0.001563254,0.001027411,0.001964207,0.016198432,0.016598195,0.000082054,0.000207600,0.000931805,0.000695095,0.056310061,0.022786016,0.010682384,0.003328120,0.267603517,0.110216089,0.044293214,0.002453924,0.000014129,0.000008176,0.001577583,0.002625093,0.000005011,0.000004742,0.000001136,0.000001604
0.000001183,0.007456711,0.003153593,0.250714302,0.142733037,0.272211730,0.000017036,0.000000674,0.000000826,0.069198288,0.065811664,0.138524801,0.149485841,0.005264802,0.202857971,0.407448888,0.045751221,0.065758668,0.064122461,0.184193715,0.185109764,0.012014078,0.015595963,0.000024875,0.000596369,0.024968613,0.000421485,0.001248674,0.000701348,0.002068474,0.035365958,0.034231212,0.000062489,0.000198311,0.000910437,0.000575109,0.050833013,0.029290084,0.008070785,0.002932271,0.394491136,0.184922859,0.066167690,0.003272236,0.000011130,0.000007231,0.002362317,0.003232687,0.000004662,0.000005678,0.000001069,0.000001639
0.000000812,0.012243045,0.004263982,0.218195990,0.135166481,0.275224358,0.000015595,0.000000549,0.000000577,0.099136159,0.076017424,0.090312056,0.109531112,0.010495454,0.112992577,0.312534362,0.076615065,0.089761503,0.085307740,0.269258231,0.192992076,0.008576290,0.010808966,0.000038840,0.000458313,0.018886572,0.001025657,0.000720594,0.000983092,0.000766291,0.006609782,0.007978527,0.000262235,0.000330959,0.002075887,0.002133087,0.022934640,0.007388641,0.080690369,0.002850934,0.140045330,0.042667199,0.023328613,0.003729856,0.000003479,0.000001997,0.000481734,0.001591862,0.000008552,0.000007139,0.000002926,0.000001313
0.000001034,0.055134144,0.019706463,0.081398770,0.035611846,0.136578903,0.000064576,0.000000723,0.000000934,0.082794979,0.045383275,0.135123804,0.164225891,0.008305010,0.164700240,0.306869715,0.050284874,0.060672611,0.056342833,0.336375356,0.166073248,0.008903646,0.014954487,0.000168700,0.000874461,0.113048121,0.002361811,0.002135046,0.001296732,0.001240278,0.003571798,0.003256957,0.001094447,0.000244921,0.031123305,0.045765858,0.027626989,0.007758480,0.018093921,0.001425659,0.079923235,0.065214388,0.003374176,0.005105682,0.000017787,0.000009896,0.000941415,0.001405868,0.000101195,0.000072940,0.000001858,0.000003114
0.000000602,0.044966232,0.024453038,0.088783041,0.048603930,0.118227541,0.000032997,0.000000509,0.000000638,0.090201855,0.030268874,0.098430738,0.115230657,0.021974269,0.095012315,0.193939343,0.079194918,0.083915502,0.088455208,0.332464069,0.173195899,0.007120633,0.024130512,0.000113242,0.000828241,0.057855729,0.001578004,0.001365953,0.001108835,0.001185145,0.001909561,0.001661205,0.001046960,0.000262046,0.014464552,0.019652978,0.023431610,0.004931179,0.045133825,0.002271995,0.054008126,0.063499793,0.002257840,0.002813895,0.000011656,0.000005534,0.000802403,0.000897360,0.000026293,0.000018873,0.000002027,0.000001828
0.000000582,0.043942738,0.020573692,0.092584841,0.048871350,0.135920465,0.000033929,0.000000468,0.000000655,0.080955297,0.027149916,0.101269729,0.118858323,0.017340316,0.140091255,0.207703620,0.054233532,0.082593247,0.088690460,0.305011123,0.153619334,0.007934525,0.026953885,0.000118840,0.000903965,0.056768283,0.001483476,0.001332245,0.001056533,0.001170986,0.002036205,0.001720030,0.001027040,0.000264556,0.015306773,0.020779032,0.022770535,0.004707679,0.044958547,0.002175731,0.051483784,0.057561621,0.002143146,0.002816811,0.000012096,0.000005472,0.000914897,0.000873876,0.000025409,0.000017691,0.000002154,0.000001716
0.000000521,0.070938401,0.017188061,0.069072455,0.025854064,0.148359016,0.000023137,0.000000305,0.000000439,0.217230037,0.178928405,0.237106234,0.274699926,0.026328523,0.091247395,0.191609547,0.093459688,0.044810571,0.035533909,0.429712892,0.404032826,0.002679424,0.005101142,0.000097627,0.000774583,0.031606097,0.000502508,0.002642726,0.001120464,0.000872532,0.012941292,0.008985008,0.000261435,0.001161171,0.002274622,0.003378007,0.019942978,0.004533458,0.015173915,0.000216646,0.040048279,0.035975788,0.002843903,0.001069588,0.000034687,0.000016046,0.005991321,0.002638608,0.000009258,0.000007549,0.000000848,0.000001289
0.000000527,0.012049998,0.003030983,0.228420243,0.099948630,0.304437757,0.000050667,0.000000421,0.000000365,0.548854113,0.586905658,0.580060005,0.591878772,0.127597377,0.052073691,0.045813113,0.134595230,0.011056336,0.010001911,0.489329815,0.457049608,0.000585804,0.000396735,0.000118136,0.000334109,0.071233444,0.003739134,0.001357434,0.000884126,0.002799692,0.008091637,0.005455462,0.000480425,0.000834912,0.019742815,0.027715342,0.015922410,0.014501534,0.011923446,0.000330939,0.073901057,0.084466822,0.003279363,0.002979778,0.000020379,0.000016120,0.002099397,0.002139797,0.000092482,0.000104936,0.000001793,0.000000860
0.000000422,0.085360907,0.019009359,0.075818062,0.033264775,0.153406665,0.000024163,0.000000198,0.000000268,0.624188423,0.657561541,0.657269478,0.673704624,0.019572219,0.266470701,0.269771844,0.025070585,0.009149732,0.007766126,0.531138241,0.601186037,0.000433855,0.000284510,0.000120775,0.000229022,0.017835760,0.001336026,0.000948969,0.001000283,0.009673889,0.003201882,0.001767582,0.000328427,0.000243314,0.004300668,0.005500067,0.033470638,0.027907150,0.007934094,0.001858631,0.024107203,0.032135740,0.002000695,0.001198882,0.000171274,0.000154806,0.004139226,0.002680407,0.000012362,0.000021565,0.000001365,0.000000631
0.000000516,0.161006197,0.057574868,0.039864358,0.021528920,0.066807829,0.000043046,0.000000238,0.000000310,0.567274153,0.498482078,0.556936383,0.592635751,0.008014878,0.373267859,0.357560813,0.023450425,0.011552083,0.013439743,0.464864761,0.667968750,0.000526415,0.000516959,0.000238092,0.000118177,0.029214183,0.003829905,0.000806586,0.001155409,0.012676640,0.002745711,0.001499442,0.000464316,0.000201410,0.012410973,0.017856043,0.031073995,0.029850638,0.004732340,0.001448845,0.022169571,0.049508382,0.001186552,0.001721842,0.000236926,0.000223509,0.003584599,0.002715944,0.000026897,0.000057830,0.000001035,0.000001024
0.000000436,0.209967002,0.019794511,0.018827161,0.005104638,0.120044433,0.000058938,0.000000367,0.000000298,0.240249693,0.159613207,0.224399030,0.249345645,0.043871585,0.087404057,0.128623843,0.092504255,0.048552319,0.044909324,0.467189401,0.493882000,0.001834306,0.004625784,0.000302978,0.000633706,0.069451228,0.001271164,0.002194505,0.001679014,0.003978446,0.003564705,0.001720635,0.000570252,0.000260708,0.022745045,0.039024945,0.043468505,0.009364282,0.002752685,0.000622562,0.022668952,0.043286502,0.000674504,0.001516230,0.000279205,0.000141473,0.009541370,0.001810979,0.000069794,0.000060316,0.000000589,0.000001217
0.000000403,0.212194905,0.019072872,0.018763607,0.005462841,0.122863404,0.000055529,0.000000358,0.000000287,0.242837802,0.159513399,0.231933951,0.255680829,0.042966921,0.089485250,0.129903704,0.091017038,0.046798799,0.043809295,0.465419531,0.499771386,0.001790846,0.004733650,0.000296477,0.000635320,0.068501666,0.001247846,0.002002473,0.001457995,0.004107578,0.003883360,0.001892387,0.000572402,0.000333134,0.023709022,0.037750363,0.033846192,0.009553030,0.002993830,0.000450355,0.022221522,0.042757563,0.000641778,0.001476368,0.000237374,0.000130889,0.009143742,0.002015375,0.000066796,0.000062289,0.000000582,0.000001194
0.000000916,0.281399041,0.031623654,0.012207040,0.003019650,0.072629109,0.000089969,0.000000389,0.000000455,0.242407829,0.167550996,0.160931721,0.184950560,0.022021174,0.146220893,0.213884577,0.066438273,0.068072513,0.062240690,0.510008752,0.518532217,0.001923181,0.003367134,0.000301422,0.000412130,0.092736505,0.002411182,0.002853184,0.002389546,0.003830973,0.005726928,0.003638093,0.000294784,0.000474956,0.025946997,0.050310779,0.060497165,0.016564887,0.001381447,0.000285400,0.057351563,0.100367665,0.001644416,0.001818472,0.000196149,0.000103459,0.005505544,0.003043186,0.000082908,0.000067331,0.000000557,0.000001668
0.000001292,0.145154580,0.030121882,0.014629054,0.010729714,0.134229541,0.000095729,0.000000947,0.000000756,0.104429752,0.040670503,0.087603554,0.092943892,0.012257874,0.152028620,0.276157141,0.061331805,0.103693135,0.107468806,0.406796724,0.387619764,0.004891708,0.016553089,0.000277039,0.000372560,0.110879831,0.004543786,0.002076473,0.001402982,0.002151209,0.013935678,0.010501239,0.000469425,0.000306519,0.035501316,0.057790145,0.037024714,0.010348982,0.002218057,0.000397539,0.048959449,0.097671241,0.002451352,0.005255503,0.000091894,0.000046859,0.005549365,0.003606121,0.000212041,0.000167768,0.000001074,0.000003646
0.000001126,0.095316544,0.014815842,0.064337701,0.025272241,0.220525831,0.000084913,0.000000963,0.000000572,0.092516519,0.048118737,0.046017867,0.050843827,0.007085675,0.164414153,0.377063781,0.063594274,0.168087393,0.178372353,0.380445004,0.315000981,0.006128355,0.013876084,0.000234745,0.000147775,0.081612237,0.011030291,0.001305080,0.000674267,0.003298498,0.005375143,0.004367164,0.000685508,0.000183699,0.053947076,0.069475822,0.015474860,0.010584528,0.008469952,0.001238497,0.063136809,0.130117849,0.002735649,0.004248420,0.000019203,0.000014453,0.001122320,0.002180871,0.000133903,0.000125666,0.000001634,0.000003295
0.000001603,0.061703142,0.007802913,0.117860794,0.035370257,0.274691075,0.000082231,0.000001015,0.000000583,0.132034183,0.070440523,0.052088760,0.060161173,0.008321777,0.235284433,0.310576171,0.039346851,0.153322056,0.165321380,0.370771527,0.315310866,0.004200901,0.009700462,0.000219264,0.000158095,0.061472923,0.005897711,0.001145279,0.000978837,0.002001596,0.020969361,0.016488306,0.000436883,0.000158027,0.029913891,0.044293720,0.042567112,0.012806351,0.003448586,0.001080974,0.061806191,0.087815650,0.004086369,0.005424242,0.000060813,0.000031786,0.003828917,0.003578716,0.000145149,0.000123764,0.000002199,0.000003778
0.000001196,0.080999225,0.026003949,0.057202343,0.026512315,0.123945385,0.000059399,0.000000639,0.000000714,0.086356126,0.029533446,0.079078756,0.086934894,0.004926130,0.261588007,0.380372912,0.034777865,0.099761464,0.105142705,0.304220110,0.185695425,0.006710715,0.018990979,0.000178121,0.000421207,0.079201616,0.002709898,0.001697845,0.001160941,0.003688950,0.004153308,0.003096491,0.000677329,0.000224426,0.019004337,0.025209563,0.031061400,0.012287081,0.005878008,0.001246396,0.065074816,0.089134388,0.003245857,0.005168036,0.000043111,0.000027508,0.001465188,0.001548676,0.000099485,0.000093798,0.000001295,0.000002818
0.000001159,0.065816514,0.020604722,0.065495700,0.031869687,0.145777777,0.000069081,0.000000669,0.000000688,0.083928861,0.031805836,0.080653459,0.089730233,0.004779369,0.311188459,0.370307207,0.027616981,0.099839702,0.107112594,0.300606281,0.194396853,0.006692733,0.018165948,0.000197830,0.000411072,0.088475876,0.003195142,0.001775851,0.000910151,0.003970074,0.005645452,0.003898248,0.000646028,0.000208464,0.026629381,0.032194022,0.027498709,0.013961131,0.004404687,0.001097475,0.059485108,0.090452000,0.003007559,0.005759261,0.000051799,0.000035007,0.002071942,0.001787392,0.000132515,0.000132849,0.000001345,0.000002918
0.000001085,0.049420852,0.013453508,0.032301236,0.083751664,0.246000782,0.000040001,0.000000687,0.000000676,0.061994124,0.024162179,0.083952695,0.097279146,0.011308113,0.159166694,0.253385782,0.050143301,0.087300085,0.092164695,0.179909796,0.153813779,0.009650545,0.026921896,0.000105838,0.000228423,0.055453129,0.003616611,0.000770841,0.001159442,0.001738506,0.009012563,0.007532198,0.000686876,0.000175528,0.016187744,0.024441807,0.030352341,0.007518625,0.012747144,0.001894410,0.080223113,0.051531259,0.008328477,0.010925571,0.000017820,0.000010169,0.001354209,0.001482804,0.000154642,0.000158573,0.000001924,0.000002222
0.000000751,0.068781890,0.017915145,0.053684108,0.042931821,0.180057198,0.000018849,0.000000318,0.000000595,0.049799770,0.017924024,0.116530180,0.129750907,0.012079496,0.183943301,0.236409411,0.042948976,0.071542025,0.073427171,0.213206053,0.096880645,0.011984305,0.035675529,0.000056715,0.000537620,0.022960339,0.000606020,0.000860149,0.000919884,0.002284831,0.006070562,0.004678482,0.000306085,0.000455045,0.002712994,0.002774762,0.028462136,0.011696035,0.014058921,0.001117062,0.070624180,0.033803791,0.010012938,0.004430196,0.000024553,0.000016360,0.001606975,0.001335220,0.000020648,0.000024068,0.000001235,0.000001261
0.000001123,0.080901824,0.027902318,0.039449759,0.036628310,0.143564835,0.000009718,0.000000313,0.000000675,0.071694762,0.045711957,0.099909514,0.117227487,0.008852649,0.170851722,0.346857816,0.054329339,0.086824290,0.079247929,0.218906969,0.157214686,0.009670371,0.015741248,0.000021490,0.000369798,0.017925771,0.001591014,0.001221209,0.003256044,0.003949524,0.000223974,0.000316336,0.000417597,0.000106643,0.000562098,0.000829924,0.034590252,0.006325756,0.272385925,0.049352072,0.230754912,0.105247304,0.038379882,0.002948817,0.000001644,0.000001014,0.000046366,0.000508953,0.000002949,0.000002181,0.000001785,0.000000698
0.000001469,0.085678317,0.035871208,0.050154973,0.035952419,0.119716413,0.000011525,0.000000305,0.000000827,0.074491650,0.050818201,0.055287559,0.068564549,0.012496205,0.123421781,0.286276907,0.070821486,0.141677871,0.135356545,0.250850290,0.146406144,0.009378506,0.012788109,0.000020279,0.000551059,0.015850581,0.000780700,0.000936084,0.002390465,0.002246400,0.001013475,0.001354734,0.000170855,0.000233700,0.000569194,0.000735671,0.049644176,0.010255890,0.090440847,0.010126946,0.257292807,0.112803116,0.051916275,0.002957101,0.000003895,0.000002210,0.000157987,0.001200790,0.000002722,0.000002131,0.000001938,0.000001013
0.000001528,0.115202338,0.034421057,0.031985436,0.023943637,0.129504204,0.000010710,0.000000266,0.000000733,0.106621735,0.076344118,0.060794294,0.074862629,0.008057192,0.216804996,0.330598563,0.039678011,0.148675695,0.128965929,0.372357666,0.247720093,0.006477468,0.008434528,0.000022604,0.000622647,0.018967558,0.001065257,0.001416634,0.003447663,0.001996955,0.000380247,0.000671202,0.000342266,0.000759634,0.000556570,0.000798202,0.021100635,0.005764132,0.286493301,0.003956307,0.238488436,0.118465275,0.036890771,0.002355830,0.000001328,0.000000764,0.000046089,0.001037399,0.000002209,0.000001373,0.000001806,0.000000789
0.000001527,0.120734408,0.037350018,0.029682217,0.024199085,0.123732299,0.000010938,0.000000246,0.000000761,0.099727519,0.064280465,0.061106704,0.074580260,0.007697909,0.233096942,0.330065966,0.036185689,0.146382317,0.129199073,0.371331215,0.227066606,0.007155878,0.009661069,0.000023709,0.000577194,0.018070515,0.001047820,0.001327284,0.003437421,0.001870793,0.000432687,0.000751137,0.000319280,0.000917063,0.000554980,0.000800405,0.021980699,0.005999437,0.245794907,0.002961583,0.219259217,0.109356828,0.034906920,0.002309719,0.000001600,0.000000915,0.000056030,0.001121216,0.000002409,0.000001499,0.000001802,0.000000795
0.000001997,0.164775059,0.044947464,0.024752663,0.016696950,0.107906774,0.000014262,0.000000347,0.000000769,0.157237992,0.170336038,0.062316392,0.078099325,0.006225315,0.176133290,0.412363976,0.056901980,0.127358317,0.109997645,0.310159773,0.305051953,0.003636716,0.003160360,0.000022361,0.000401795,0.019694498,0.001258517,0.000930540,0.002656237,0.003142861,0.001146749,0.001700499,0.000164837,0.000432585,0.000672754,0.000962620,0.044394724,0.015365588,0.085889660,0.004263126,0.431877196,0.219298586,0.059521433,0.002757469,0.000002874,0.000001785,0.000112033,0.001937584,0.000001871,0.000001592,0.000001440,0.000000998
0.000000796,0.177246362,0.069423586,0.028378863,0.015033242,0.043333255,0.000013102,0.000000145,0.000000280,0.522211313,0.515576363,0.490706861,0.499807835,0.008123199,0.416698217,0.393361747,0.015287437,0.016428793,0.013445668,0.501351833,0.432647020,0.000796159,0.000369797,0.000036686,0.000299529,0.015531096,0.000746647,0.000961159,0.000652854,0.010574914,0.007786941,0.005744888,0.000086576,0.000460498,0.000815156,0.000653324,0.025194000,0.047468640,0.007185361,0.001047447,0.108809374,0.057316523,0.022353396,0.002063084,0.000043489,0.000047961,0.001467336,0.003270903,0.000005227,0.000010512,0.000000875,0.000000635
0.000000396,0.026650427,0.007438329,0.149424702,0.080868676,0.182947829,0.000017078,0.000000196,0.000000262,0.466667503,0.454749405,0.544319868,0.578454912,0.012732173,0.380601257,0.387040257,0.012875627,0.010866756,0.012327854,0.289867550,0.452924281,0.000706175,0.000780703,0.000090622,0.000087628,0.011128298,0.001744178,0.000526996,0.001447820,0.036388010,0.002599604,0.001493412,0.000134412,0.000137488,0.002456163,0.002472437,0.077744670,0.099228926,0.002061633,0.003479606,0.039116006,0.039602865,0.005443236,0.001248020,0.000409747,0.000470443,0.002919156,0.002779044,0.000009472,0.000023657,0.000001371,0.000000517
0.000000654,0.066598490,0.009314715,0.103591658,0.039842527,0.195463166,0.000052731,0.000000263,0.000000224,0.383011878,0.443404496,0.505433679,0.532688200,0.006128851,0.427512616,0.414019495,0.019260624,0.014060262,0.010848504,0.283637673,0.464443356,0.001135892,0.000635825,0.000211841,0.000134982,0.049101971,0.008418509,0.000724509,0.001568990,0.041005310,0.000494656,0.000315985,0.001351038,0.000079476,0.029031605,0.035193160,0.024473105,0.028677126,0.007286356,0.009045698,0.035123911,0.085853092,0.001929743,0.005198142,0.000105381,0.000132022,0.000391231,0.000823405,0.000133579,0.000298327,0.000001537,0.000000949
0.000000893,0.094647393,0.024481077,0.068954043,0.023070328,0.142430961,0.000054033,0.000000556,0.000000396,0.199744761,0.212322980,0.282466471,0.323546559,0.003698730,0.334803253,0.517284036,0.036491793,0.030577192,0.024404628,0.310544580,0.463650137,0.003190711,0.002751922,0.000237884,0.000234770,0.057753071,0.007277129,0.000902114,0.001393926,0.006083811,0.000950124,0.000738630,0.001568449,0.000046814,0.023467351,0.048116039,0.025572428,0.006301073,0.016343230,0.015075964,0.037225068,0.072927974,0.002313075,0.006671177,0.000032018,0.000022198,0.000361408,0.000993356,0.000142679,0.000149765,0.000001890,0.000002414
0.000000933,0.108560152,0.030064991,0.062986754,0.020183977,0.122541308,0.000058471,0.000000553,0.000000373,0.204836458,0.228048027,0.281064242,0.322490901,0.002799747,0.429999888,0.550232589,0.026094833,0.030733703,0.024594845,0.303648114,0.467774868,0.003130885,0.002353817,0.000248278,0.000230958,0.062980585,0.009456707,0.000785618,0.001276959,0.008516242,0.000811000,0.000608142,0.001780336,0.000039466,0.031865738,0.057979185,0.021877317,0.007002101,0.016843485,0.020283863,0.039852109,0.084137276,0.002494780,0.008559342,0.000027230,0.000020385,0.000299645,0.000830171,0.000191488,0.000206500,0.000002033,0.000002320
0.000000684,0.137097359,0.032646295,0.018699473,0.017347239,0.129624337,0.000063386,0.000000430,0.000000414,0.122178011,0.071040243,0.130515486,0.149887934,0.006720614,0.200367212,0.383985966,0.052667186,0.064444289,0.057044704,0.320049584,0.325959891,0.004903174,0.009848267,0.000312906,0.000289731,0.046750881,0.002277271,0.000868277,0.001729960,0.006368197,0.003931579,0.002173443,0.000457590,0.000181106,0.019018272,0.028444642,0.051209565,0.014256494,0.001447911,0.001192617,0.028927835,0.057384450,0.001600559,0.003641422,0.000229910,0.000142181,0.005011985,0.001573011,0.000130334,0.000149104,0.000000944,0.000002177
0.000001037,0.172735676,0.025608826,0.022027632,0.009904160,0.110500753,0.000048176,0.000000588,0.000000401,0.108736433,0.094623327,0.100000188,0.121884331,0.013897711,0.158222258,0.279289305,0.067008480,0.089554779,0.081198998,0.382035494,0.335606098,0.005128825,0.008372804,0.000177283,0.000296088,0.044460256,0.001971258,0.001278801,0.001477738,0.002821879,0.013276872,0.008066800,0.000285965,0.000098534,0.007358038,0.012417251,0.064011239,0.009778357,0.001728674,0.002059665,0.043180678,0.050152309,0.003952740,0.004869811,0.000169758,0.000087660,0.006808098,0.002716542,0.000086674,0.000078645,0.000000978,0.000002406
0.000000979,0.076532573,0.017930092,0.050043695,0.030888848,0.156343132,0.000036003,0.000000612,0.000000676,0.102493972,0.060264852,0.144683629,0.158242926,0.011422222,0.139987826,0.304986149,0.069597960,0.055883829,0.055435374,0.207192495,0.268547028,0.005438119,0.013946665,0.000128536,0.000374902,0.060337521,0.003058393,0.001358604,0.002576062,0.002090272,0.001426511,0.001435945,0.000914825,0.000201144,0.010787549,0.022111706,0.042253941,0.006139747,0.016381936,0.002921316,0.077035211,0.089410864,0.004314444,0.005616931,0.000022314,0.000011185,0.000462266,0.001057812,0.000085098,0.000056970,0.000001485,0.000002213
0.000001328,0.133558854,0.032701492,0.022627352,0.012529100,0.114804901,0.000031753,0.000000591,0.000000632,0.126212746,0.106697708,0.125417769,0.155749053,0.010128332,0.096114568,0.356285155,0.106263243,0.069311537,0.053517193,0.366658807,0.284873515,0.004870104,0.006984587,0.000083885,0.000678277,0.048829589,0.001502570,0.002742587,0.001693015,0.003038325,0.002528873,0.002178943,0.000377395,0.000100441,0.002606521,0.004591291,0.063741550,0.009359590,0.012510059,0.007348208,0.125731871,0.112211823,0.009102056,0.002650515,0.000023730,0.000012029,0.000637538,0.001005675,0.000012122,0.000009219,0.000000931,0.000002246
0.000001034,0.143903852,0.037729565,0.014688914,0.013018142,0.118133098,0.000024853,0.000000311,0.000000784,0.128094062,0.089045845,0.137666538,0.165382117,0.003749389,0.234771147,0.483691007,0.043804348,0.063860402,0.049584750,0.334359884,0.257063955,0.005583864,0.007748228,0.000100600,0.000582491,0.038263317,0.001802659,0.001822987,0.003565906,0.001419021,0.000458337,0.000593615,0.000931687,0.000448482,0.002658368,0.006461043,0.028898288,0.003703510,0.061435226,0.002461485,0.070090987,0.085454345,0.004187995,0.002512966,0.000009748,0.000004877,0.000162310,0.001156323,0.000016880,0.000009418,0.000001436,0.000001456
0.000001120,0.144209206,0.038980924,0.013883114,0.013665400,0.113689572,0.000022520,0.000000307,0.000000767,0.126683220,0.093496360,0.143339947,0.171840400,0.003497418,0.250461668,0.491150290,0.040568221,0.062040202,0.047973141,0.339954853,0.257362306,0.005623897,0.007274452,0.000085171,0.000586129,0.035580747,0.001648730,0.002134477,0.003521208,0.001709498,0.000390442,0.000510048,0.000852229,0.000345016,0.001859127,0.004402787,0.032128230,0.004266496,0.068966158,0.003892572,0.078430146,0.083754443,0.005544906,0.002510127,0.000009578,0.000004960,0.000138183,0.001089431,0.000013106,0.000007508,0.000001342,0.000001370
0.000000439,0.148288459,0.039643724,0.024399338,0.017458588,0.105548255,0.000014881,0.000000167,0.000000408,0.094454318,0.052155204,0.160755560,0.183441326,0.005209608,0.212411717,0.392687500,0.042895604,0.051061187,0.041005969,0.266062915,0.177442238,0.007180681,0.011464027,0.000097197,0.000422966,0.020642791,0.000877126,0.001384458,0.001141266,0.003753584,0.000355016,0.000321289,0.001012929,0.000517881,0.002903445,0.003087396,0.015054276,0.009675995,0.054636933,0.002028193,0.025874466,0.026781967,0.001998230,0.001496142,0.000025148,0.000025184,0.000375493,0.001074863,0.000009756,0.000012813,0.000001010,0.000000745
0.000000315,0.107741915,0.026427463,0.027969658,0.027717289,0.156178281,0.000011695,0.000000094,0.000000446,0.111687787,0.050365705,0.118659519,0.137142673,0.004497626,0.262720823,0.412032723,0.030961458,0.067509323,0.060813054,0.237226799,0.147233918,0.006302769,0.012178331,0.000131221,0.000357467,0.008214847,0.000578747,0.000504405,0.003690697,0.001574911,0.000070869,0.000077274,0.001794971,0.000523731,0.002182409,0.004394606,0.025494782,0.003640650,0.104235992,0.003204799,0.006012490,0.011081327,0.000890543,0.001726314,0.000061971,0.000037761,0.000340472,0.001145232,0.000022192,0.000016409,0.000002415,0.000000522
0.000000432,0.168546736,0.053631142,0.018401934,0.012635456,0.083310209,0.000009652,0.000000178,0.000000466,0.072924182,0.036068767,0.174400911,0.200384662,0.008845790,0.137341008,0.327700853,0.061722975,0.048058197,0.038414057,0.253725767,0.126569360,0.010359247,0.017386241,0.000078892,0.000252958,0.010723466,0.001440339,0.000652562,0.002372453,0.002773617,0.000084663,0.000110277,0.002528722,0.000234650,0.001921297,0.002918423,0.013024387,0.004045479,0.245462015,0.011721170,0.015824636,0.014405552,0.002710008,0.003169602,0.000012655,0.000012221,0.000087889,0.000952895,0.000019145,0.000017433,0.000002040,0.000000638
0.000000484,0.180111095,0.085459858,0.022910232,0.015174263,0.046136022,0.000013399,0.000000219,0.000000494,0.094185412,0.038128477,0.169803590,0.191050336,0.003686709,0.150518253,0.522163272,0.065798260,0.043901458,0.039370604,0.246320009,0.138907179,0.008206596,0.015886445,0.000098795,0.000217473,0.009550433,0.001476021,0.000839477,0.003573522,0.005026115,0.000059932,0.000066963,0.001505217,0.000025344,0.001559555,0.002266294,0.036477059,0.005929324,0.127723202,0.135209084,0.017629797,0.016629826,0.002457824,0.002060082,0.000041353,0.000035089,0.000137814,0.000712468,0.000012263,0.000009880,0.000002092,0.000000875
0.000000614,0.117478728,0.061037838,0.020375572,0.034347814,0.072911792,0.000005679,0.000000161,0.000000439,0.068418071,0.033905931,0.069809817,0.075660743,0.006270606,0.163148299,0.408379167,0.053357668,0.109512582,0.113868318,0.172224581,0.139004633,0.011554267,0.017988127,0.000040170,0.000092879,0.003157690,0.001321211,0.000436222,0.003950398,0.001416096,0.000084931,0.000133330,0.001037541,0.000054904,0.000372141,0.000623297,0.031542975,0.002690315,0.289689660,0.086159647,0.009443286,0.005484561,0.008347184,0.004243299,0.000033958,0.000022372,0.000137104,0.001729897,0.000018531,0.000009723,0.000003803,0.000000592
0.000000652,0.119227409,0.062377077,0.020380024,0.034547918,0.071924031,0.000005718,0.000000169,0.000000462,0.066801175,0.032545041,0.070844539,0.076181278,0.006337299,0.160121650,0.407702684,0.054302868,0.107399821,0.112691604,0.166810483,0.136133805,0.011735103,0.018770844,0.000038730,0.000086729,0.003133267,0.001417727,0.000433528,0.004154474,0.001344746,0.000089531,0.000143757,0.000986659,0.000047257,0.000348296,0.000604096,0.034621246,0.002704974,0.281275272,0.102632359,0.010198422,0.005728231,0.009387378,0.004431118,0.000033606,0.000021620,0.000135529,0.001790378,0.000018674,0.000009468,0.000003921,0.000000614
0.000000424,0.120714381,0.052711051,0.049387038,0.023838686,0.066650294,0.000005728,0.000000109,0.000000617,0.073035970,0.029434048,0.145990700,0.158601284,0.006867012,0.170368463,0.389870644,0.050186805,0.058528170,0.056263369,0.203857094,0.125300944,0.012083986,0.023860672,0.000057426,0.000217880,0.005503218,0.000971088,0.000981247,0.007849255,0.001538371,0.000010245,0.000020686,0.002718995,0.000261865,0.000526033,0.001049638,0.014063566,0.001443045,0.632186413,0.029571803,0.010273828,0.011863798,0.002386095,0.001562450,0.000010941,0.000008139,0.000031244,0.001200054,0.000011214,0.000004889,0.000002929,0.000000458
0.000000487,0.069978833,0.029317653,0.085920252,0.044369202,0.107492387,0.000006017,0.000000089,0.000000664,0.070751481,0.028677708,0.105240211,0.113290429,0.007202423,0.234879896,0.341458380,0.032491036,0.082679279,0.086547822,0.181564257,0.128143013,0.011943979,0.023263691,0.000054089,0.000271271,0.005592611,0.000524427,0.001200616,0.008493932,0.001170697,0.000014672,0.000028088,0.001687685,0.000449988,0.000451934,0.000928627,0.026273809,0.002048204,0.386621386,0.012411072,0.009609533,0.009681270,0.002398896,0.001366202,0.000031223,0.000019943,0.000078347,0.001806792,0.000012044,0.000004989,0.000002694,0.000000425
0.000000468,0.051401895,0.031856332,0.055794157,0.055779729,0.121507704,0.000007741,0.000000106,0.000000699,0.054010700,0.017576551,0.105793417,0.107160412,0.005728503,0.235870346,0.390052676,0.034838185,0.085361429,0.092399850,0.149600640,0.135729328,0.013835838,0.042453371,0.000042514,0.000548069,0.015032875,0.000641941,0.002381419,0.004615540,0.002865205,0.000018300,0.000033425,0.001233352,0.001035186,0.000689241,0.000710943,0.013362123,0.003690240,0.260323644,0.004776876,0.030689351,0.047073025,0.002465034,0.000986541,0.000009394,0.000007947,0.000044323,0.000922533,0.000005652,0.000003204,0.000001256,0.000000463
0.000000323,0.067063242,0.032402214,0.057435781,0.046231531,0.122286901,0.000012530,0.000000147,0.000000551,0.044454359,0.016276805,0.124623522,0.136210397,0.005831908,0.198659331,0.376077354,0.040147655,0.067429036,0.064453870,0.134643510,0.114828400,0.018895848,0.042321622,0.000102865,0.000647886,0.028868262,0.001196226,0.001696114,0.001725292,0.002536159,0.000033867,0.000047962,0.005316438,0.000839757,0.005617165,0.005280768,0.003138721,0.001755111,0.348552793,0.003145641,0.012301435,0.026107229,0.000583089,0.001718678,0.000006862,0.000007253,0.000057096,0.000737669,0.000032997,0.000026695,0.000001789,0.000000670
0.000000531,0.051572490,0.019552303,0.080593988,0.050652605,0.152089372,0.000026411,0.000000262,0.000000686,0.057547949,0.019325331,0.103082493,0.118858851,0.004599163,0.230880022,0.406731039,0.035694320,0.077657700,0.078337848,0.175333649,0.126231581,0.013085967,0.033270556,0.000166669,0.000414863,0.079634115,0.002841524,0.002325384,0.002372836,0.004885670,0.000056790,0.000079032,0.006229697,0.000841912,0.019502543,0.017840482,0.006249860,0.005851062,0.081351101,0.001313914,0.020451637,0.051489279,0.000506553,0.002616527,0.000021561,0.000027690,0.000086406,0.001439014,0.000099940,0.000109363,0.000001316,0.000001178
0.000000559,0.051591810,0.020919617,0.071107820,0.053565715,0.151499048,0.000025576,0.000000270,0.000000735,0.059148908,0.019306131,0.099003173,0.113021694,0.004874640,0.214140937,0.408054262,0.039254513,0.081373326,0.083287127,0.174164221,0.134369984,0.012847118,0.033896010,0.000156923,0.000401991,0.078269802,0.003033818,0.002531115,0.002579468,0.004729188,0.000049712,0.000074268,0.006079645,0.000813390,0.017217504,0.016309591,0.006442905,0.005681808,0.094638690,0.001509641,0.023383798,0.057963237,0.000544643,0.002437721,0.000018163,0.000023299,0.000070432,0.001536988,0.000081820,0.000084537,0.000001314,0.000001189
0.000000633,0.045022804,0.024740323,0.081342742,0.057583537,0.118745074,0.000036133,0.000000416,0.000000530,0.065307051,0.015109988,0.084810808,0.090640128,0.007902247,0.211270362,0.322290272,0.041033871,0.099586278,0.118197724,0.168597504,0.145963147,0.011063403,0.044100009,0.000179196,0.000320361,0.087283589,0.002546276,0.002591017,0.001514781,0.009987616,0.000370219,0.000327323,0.002933005,0.000701328,0.023675321,0.017144891,0.010767641,0.013884961,0.012503493,0.000673959,0.020931389,0.026588816,0.000830667,0.004711589,0.000149055,0.000203051,0.000578834,0.001951280,0.000203514,0.000331477,0.000000786,0.000001540
0.000001006,0.042955965,0.025013592,0.078366622,0.066030964,0.124862917,0.000069923,0.000000470,0.000000730,0.052229226,0.012374311,0.076455817,0.072980672,0.001990913,0.552192211,0.547484696,0.013951432,0.118300043,0.151313409,0.109548107,0.194198161,0.013512240,0.054988734,0.000325388,0.000311711,0.053674564,0.001152737,0.001398787,0.001970731,0.011143778,0.005284748,0.003485507,0.000551990,0.000578964,0.020269595,0.017238948,0.038400598,0.029486503,0.000803299,0.000252578,0.027212128,0.031446472,0.001135111,0.005259109,0.001576819,0.001598768,0.009157240,0.006430569,0.000233975,0.000421393,0.000000762,0.000002739
0.000000594,0.046234824,0.028327700,0.115905784,0.043301024,0.077421136,0.000045032,0.000000268,0.000000709,0.052551270,0.012534828,0.130758286,0.131242931,0.008434342,0.305596679,0.317799181,0.031626564,0.069835678,0.091553576,0.122631341,0.110147037,0.013493114,0.060327731,0.000278128,0.000211987,0.023662182,0.000802598,0.000736698,0.002374634,0.013697425,0.002784912,0.001653833,0.000396476,0.000481451,0.011423245,0.010625489,0.076017149,0.049831692,0.000615105,0.000422953,0.017861689,0.031080671,0.000928501,0.002671757,0.002454376,0.002650802,0.011419099,0.005635132,0.000098727,0.000190120,0.000000918,0.000001702
0.000000734,0.058636706,0.021176351,0.141996577,0.037397157,0.111951604,0.000043445,0.000000384,0.000000617,0.032454330,0.012627836,0.101132691,0.114391334,0.001824328,0.502270877,0.575075507,0.018814685,0.087311946,0.094893038,0.125985533,0.099642836,0.025256982,0.052372087,0.000254253,0.000111088,0.034298036,0.003541155,0.000902160,0.000925538,0.007009482,0.003400653,0.002411833,0.000905268,0.000214652,0.015253944,0.015162702,0.018519524,0.014831350,0.003913385,0.001241248,0.018488351,0.031987812,0.001213675,0.003793014,0.000193198,0.000230478,0.002365534,0.004301384,0.000119205,0.000206661,0.000001323,0.000002109
0.000000639,0.027589528,0.006786883,0.233651549,0.069730416,0.230359584,0.000146187,0.000000684,0.000000778,0.059797190,0.009932850,0.130681753,0.121152505,0.002723407,0.534010410,0.497587532,0.013730292,0.071987323,0.103737742,0.092870429,0.124475345,0.011556184,0.075175583,0.000697221,0.000099908,0.083965540,0.007379225,0.000896454,0.001266501,0.015798477,0.011023204,0.006156192,0.000544849,0.000264343,0.181264430,0.144562438,0.028026544,0.038380694,0.000491925,0.000346712,0.025306374,0.049335204,0.000878448,0.005500127,0.001081178,0.001384942,0.014809042,0.006220676,0.001199608,0.002596288,0.000001270,0.000002921
0.000000767,0.029206298,0.008279991,0.210225552,0.073726781,0.207273930,0.000121300,0.000000787,0.000000785,0.061379917,0.008975871,0.119975582,0.105988450,0.002669711,0.528613925,0.507519007,0.014668879,0.078058913,0.115314566,0.089800149,0.130316153,0.010924175,0.079755746,0.000532167,0.000076814,0.085651010,0.011089158,0.000892488,0.001093137,0.016562190,0.010051985,0.006363628,0.000544445,0.000172127,0.153453901,0.121041305,0.026314240,0.041696165,0.000678582,0.000663099,0.035208456,0.065045416,0.001399968,0.006447271,0.000540470,0.000739690,0.007268962,0.005863370,0.000931963,0.002015277,0.000001292,0.000003218
0.000000642,0.031731524,0.017439682,0.146182880,0.068320379,0.157206491,0.000098147,0.000000657,0.000000710,0.047759980,0.009365648,0.095762633,0.084301062,0.001573637,0.642945766,0.601245642,0.009073947,0.095626876,0.135189340,0.098310374,0.172513723,0.014495757,0.076566353,0.000548847,0.000073067,0.063181192,0.009623626,0.000855108,0.001146685,0.010596228,0.007694172,0.004704490,0.000661437,0.000165002,0.119775645,0.112455361,0.021700155,0.018405741,0.001323503,0.000843121,0.024232762,0.049019221,0.000890235,0.004549394,0.000348098,0.000339003,0.006449217,0.003657246,0.000603229,0.000910170,0.000001419,0.000002920
0.000000874,0.028875789,0.016505519,0.108995400,0.091841161,0.162844062,0.000064156,0.000000642,0.000000812,0.054298665,0.010821393,0.111051314,0.092428669,0.001908018,0.533093870,0.550720632,0.013192207,0.078752503,0.113508396,0.079555981,0.214333072,0.011235272,0.071113206,0.000297449,0.000151847,0.059209637,0.002864443,0.001164365,0.002202691,0.007175193,0.007324762,0.005630092,0.000358504,0.000237336,0.028688608,0.034505006,0.043785468,0.019050112,0.001369012,0.000736360,0.046888154,0.046599776,0.001885956,0.004418341,0.000331482,0.000242899,0.004131033,0.004011810,0.000248463,0.000271447,0.000001037,0.000003149
0.000000579,0.077816918,0.048799500,0.059608173,0.046258755,0.078517005,0.000018451,0.000000258,0.000000652,0.097176909,0.031551071,0.120190896,0.121364370,0.001375183,0.365615427,0.655294418,0.028865285,0.062792718,0.067820758,0.180592194,0.162028611,0.008240477,0.019549200,0.000150641,0.000141721,0.011422371,0.001351467,0.000505420,0.002138295,0.005027486,0.000913714,0.000859865,0.000533935,0.000351040,0.003248201,0.004376964,0.032347176,0.012009755,0.018656975,0.002014987,0.023625098,0.018127915,0.002336775,0.001872624,0.000090194,0.000070320,0.000799667,0.002456718,0.000017387,0.000019326,0.000001860,0.000001500
0.000000779,0.156980306,0.078966968,0.012299101,0.028929992,0.063303523,0.000010082,0.000000188,0.000000674,0.075626321,0.032752860,0.108026683,0.115260877,0.005180532,0.179777384,0.428964674,0.054694425,0.072688423,0.071479924,0.210572883,0.149250954,0.009363463,0.018021256,0.000056548,0.000126235,0.007727228,0.001120765,0.000601265,0.002548131,0.004074237,0.000993682,0.001215668,0.000264513,0.000445998,0.000814462,0.000965736,0.037878860,0.014488552,0.036439475,0.002300045,0.049381040,0.022640141,0.009151146,0.001524098,0.000037013,0.000032075,0.000468842,0.003738563,0.000004411,0.000004648,0.000001504,0.000000999
0.000000620,0.128381982,0.078615241,0.027922181,0.054099530,0.055484384,0.000011846,0.000000115,0.000000647,0.057214081,0.030644052,0.068251774,0.073381759,0.001298212,0.454428405,0.598270059,0.016892258,0.105318002,0.107250780,0.154013857,0.137663126,0.013820160,0.016977850,0.000099592,0.000152344,0.008210714,0.000937395,0.000551709,0.002455123,0.005895500,0.000229123,0.000300891,0.000898061,0.000700865,0.002178693,0.002136830,0.015679479,0.016318765,0.104094580,0.002074537,0.025220755,0.017708242,0.002350276,0.001377220,0.000030164,0.000041814,0.000222115,0.003648598,0.000005618,0.000008521,0.000002249,0.000000766
0.000000656,0.121958099,0.071860142,0.031590771,0.056854814,0.061275650,0.000012281,0.000000124,0.000000660,0.059777766,0.031943507,0.065809846,0.070205562,0.001187588,0.461347699,0.615188956,0.016671699,0.107496575,0.111323133,0.150015131,0.142755553,0.012931594,0.016325396,0.000102557,0.000135465,0.007767788,0.001003975,0.000496448,0.002584566,0.006004199,0.000249411,0.000327573,0.000852936,0.000691896,0.002222086,0.002210056,0.018141817,0.018314891,0.091567427,0.002028963,0.025388906,0.017297274,0.002535474,0.001479889,0.000035188,0.000047869,0.000241922,0.003908243,0.000006028,0.000008987,0.000002369,0.000000817
0.000000682,0.118065186,0.073216073,0.027741928,0.048996452,0.066447079,0.000008853,0.000000222,0.000000444,0.034633465,0.020488370,0.061465275,0.063698493,0.003290387,0.317303509,0.423660576,0.023330765,0.107343942,0.126234949,0.088211596,0.108472712,0.017677080,0.028176671,0.000046896,0.000116813,0.007529343,0.001749284,0.000362307,0.000913157,0.003719273,0.001038757,0.001043652,0.000522409,0.000069070,0.001550187,0.001615137,0.021782937,0.008944770,0.132169306,0.026859462,0.038297478,0.014261314,0.010962006,0.003937198,0.000010604,0.000009267,0.000289300,0.001129613,0.000007553,0.000009316,0.000002946,0.000000776
0.000000641,0.109396219,0.097217098,0.022861464,0.039415807,0.051182054,0.000007312,0.000000157,0.000000418,0.047367744,0.026756071,0.056465525,0.052510317,0.003623355,0.387429893,0.394631058,0.017678594,0.134667441,0.157068804,0.109502651,0.160454571,0.013543266,0.021273335,0.000039165,0.000218849,0.008681737,0.001239639,0.000615006,0.001002991,0.005025193,0.000540484,0.000547757,0.000482912,0.000107152,0.001014388,0.000934718,0.018250994,0.008986031,0.142272517,0.019676853,0.043875486,0.022276657,0.009460544,0.002024909,0.000009349,0.000008114,0.000226801,0.000924518,0.000002961,0.000003866,0.000001948,0.000000578
0.000000600,0.155402809,0.093887068,0.015475377,0.035001472,0.056172721,0.000009576,0.000000186,0.000000476,0.057817079,0.031327788,0.063586816,0.066796623,0.002737283,0.264297664,0.492800802,0.033116255,0.111305386,0.115415692,0.144111753,0.155469373,0.013531039,0.017018685,0.000063466,0.000207633,0.009791340,0.001063200,0.000719515,0.000807438,0.003214925,0.000788373,0.000957680,0.000845169,0.000193235,0.002084683,0.001813514,0.007597869,0.007138104,0.217460543,0.007170402,0.028151989,0.011678691,0.004629883,0.002215564,0.000008591,0.000011098,0.000226012,0.002563925,0.000006817,0.000011022,0.000002279,0.000000847
0.000000498,0.145204365,0.063001268,0.022749359,0.023043565,0.074442759,0.000015407,0.000000341,0.000000511,0.084601797,0.042856596,0.118425556,0.144023389,0.008329962,0.139822453,0.356444180,0.065432757,0.071266964,0.059409603,0.253554821,0.170229554,0.008458870,0.016927326,0.000082901,0.000485556,0.043058194,0.003567041,0.001462414,0.001214648,0.004198823,0.000137629,0.000155609,0.003606501,0.000053750,0.007337747,0.010195982,0.006777369,0.002663075,0.427530527,0.052261356,0.058428273,0.068003945,0.002389965,0.001897461,0.000001420,0.000001219,0.000043400,0.000427104,0.000008496,0.000009282,0.000001979,0.000000950
0.000000851,0.150151819,0.056549128,0.025487058,0.023910215,0.091906466,0.000032855,0.000000477,0.000000662,0.097745568,0.037178367,0.098864816,0.115334921,0.003244421,0.182217881,0.495643169,0.051919561,0.069856539,0.064255685,0.251153350,0.192418754,0.006955478,0.015092066,0.000148078,0.000395423,0.059926838,0.003380552,0.001252883,0.001353676,0.002709433,0.000822876,0.000794101,0.001643118,0.000227212,0.013913993,0.021640940,0.016821271,0.006059529,0.056314263,0.003124532,0.059561871,0.059569616,0.002742440,0.003286664,0.000009163,0.000006442,0.000251869,0.000869807,0.000032963,0.000038801,0.000001539,0.000001879
0.000000934,0.153522372,0.061894394,0.023712477,0.022962492,0.082610033,0.000031361,0.000000482,0.000000707,0.096686341,0.041381892,0.099741817,0.116727553,0.003127069,0.214776635,0.489090115,0.043018334,0.070913829,0.064985193,0.260179341,0.198836163,0.007216802,0.013872745,0.000129867,0.000481028,0.068411596,0.003558713,0.001416327,0.001134826,0.002016275,0.000899927,0.000919693,0.001702944,0.000248851,0.012635706,0.020612167,0.013126360,0.004632857,0.079848729,0.003079514,0.069282398,0.071190052,0.003153288,0.003650318,0.000005336,0.000003582,0.000198941,0.000883822,0.000031251,0.000034393,0.000001679,0.000001897
0.000000925,0.178721726,0.058021855,0.023034234,0.017043909,0.084940411,0.000031237,0.000000408,0.000000722,0.059260275,0.026541118,0.075681269,0.095575258,0.007017946,0.118886590,0.383736551,0.075021870,0.088191807,0.078463823,0.181997791,0.130125389,0.010884042,0.021301156,0.000131923,0.000431933,0.085533679,0.006610405,0.001782413,0.002367605,0.004635038,0.000078708,0.000102689,0.004581008,0.000210249,0.016346022,0.024400333,0.016597245,0.006239136,0.130579531,0.009687277,0.075724415,0.149068743,0.001829295,0.003459630,0.000004920,0.000004389,0.000045797,0.000570512,0.000027415,0.000027067,0.000001604,0.000001283
0.000000912,0.174906507,0.068386078,0.016233630,0.026167396,0.081466056,0.000045367,0.000000452,0.000000678,0.083469577,0.028684046,0.108118266,0.121417917,0.002135038,0.229344591,0.562791109,0.042084713,0.060713463,0.057930604,0.202461600,0.188388675,0.007205902,0.019072535,0.000186140,0.000427611,0.062035635,0.003073636,0.001097518,0.001412365,0.004093317,0.000909789,0.000734183,0.001202907,0.000283465,0.013812630,0.020746777,0.029067991,0.010305261,0.015885334,0.002106134,0.053944081,0.104141034,0.002248225,0.003902268,0.000026940,0.000017607,0.000595704,0.000778566,0.000042303,0.000051801,0.000001258,0.000002115
0.000000653,0.173678413,0.058369748,0.015964057,0.017625799,0.089379013,0.000036368,0.000000263,0.000000570,0.103979118,0.034084737,0.105225489,0.115803488,0.001888652,0.437344044,0.517668724,0.017022546,0.071647525,0.071738265,0.229078978,0.196973443,0.005630367,0.016420983,0.000194015,0.000551054,0.059123997,0.002558373,0.001164600,0.001203380,0.004540981,0.000570078,0.000430007,0.001404188,0.000487396,0.013854074,0.018342530,0.018169610,0.009253802,0.020776961,0.001209697,0.041336160,0.101812899,0.001295290,0.002317868,0.000023011,0.000015884,0.000560598,0.000647512,0.000024539,0.000033677,0.000001112,0.000001195
0.000000448,0.150636092,0.052092608,0.016829237,0.018027060,0.088980675,0.000020186,0.000000187,0.000000460,0.082485460,0.036915287,0.087823905,0.100736029,0.005997755,0.213357374,0.365335763,0.040480413,0.091397502,0.088072963,0.226519167,0.186054856,0.007392419,0.016780728,0.000106488,0.000624569,0.041066464,0.001451665,0.001638486,0.001038578,0.003139487,0.000350197,0.000315168,0.001101183,0.000412501,0.005896894,0.007260478,0.012205309,0.005954949,0.063737288,0.002150720,0.038000930,0.072887301,0.001334048,0.001240739,0.000011997,0.000008938,0.000314869,0.000678076,0.000007393,0.000009495,0.000001040,0.000000780
0.000000493,0.166838869,0.036184207,0.024269614,0.014686525,0.120488346,0.000013946,0.000000206,0.000000432,0.071394414,0.031539463,0.081347033,0.094227351,0.005259725,0.195048526,0.397876680,0.046516206,0.097540505,0.085861020,0.223124206,0.121922821,0.009217614,0.018835142,0.000074169,0.000501326,0.020677084,0.001180818,0.001230270,0.000900930,0.002501648,0.000380086,0.000355548,0.001184162,0.000524823,0.002604380,0.003016256,0.010542842,0.004643360,0.130456761,0.002912108,0.030830478,0.028726095,0.002897289,0.002074509,0.000009049,0.000006940,0.000251108,0.000684679,0.000008207,0.000008414,0.000001405,0.000000694
0.000000517,0.150378138,0.037573814,0.029302277,0.015683945,0.114741445,0.000013634,0.000000205,0.000000429,0.077461421,0.036794081,0.073915467,0.085836783,0.005452136,0.205355883,0.389491618,0.044319604,0.108716406,0.096144818,0.237069935,0.133461490,0.008619524,0.016131101,0.000070456,0.000510719,0.020694876,0.001121789,0.001311491,0.000893950,0.002466507,0.000429465,0.000398332,0.001056935,0.000541738,0.002337261,0.002699623,0.010703444,0.004667920,0.124480262,0.002765628,0.033601429,0.029619547,0.003200274,0.002009942,0.000008892,0.000006723,0.000264371,0.000701381,0.000007411,0.000007489,0.000001390,0.000000695
0.000000782,0.165283233,0.027023373,0.029719003,0.012476761,0.126627430,0.000048275,0.000000486,0.000000451,0.104073957,0.050971564,0.143277124,0.171987563,0.006215823,0.181442767,0.363201439,0.050571155,0.055261765,0.044973951,0.305144101,0.179626361,0.006042666,0.012908601,0.000183613,0.000454547,0.061614286,0.002297907,0.001573008,0.001521987,0.005034568,0.001159995,0.000743728,0.001177217,0.000217170,0.013853598,0.020814650,0.036497109,0.009716820,0.010439687,0.002356938,0.041708421,0.043726753,0.002770370,0.004720961,0.000062184,0.000038061,0.001062962,0.000666076,0.000089476,0.000087453,0.000000988,0.000001667
0.000000725,0.162278116,0.060398854,0.018583946,0.013071005,0.065845340,0.000041285,0.000000612,0.000000588,0.062312011,0.028614406,0.143660441,0.167700365,0.011316011,0.100733824,0.290950149,0.083552897,0.050126240,0.045309793,0.208869308,0.147753283,0.008919527,0.024501719,0.000151962,0.000614430,0.096440405,0.002966265,0.002059193,0.001194448,0.003685164,0.000922565,0.000661272,0.001809984,0.000259647,0.015355613,0.022464244,0.021553783,0.005975593,0.020908071,0.002425969,0.045602895,0.050909001,0.002701424,0.007000068,0.000029575,0.000018402,0.000695736,0.000596102,0.000125062,0.000114913,0.000000950,0.000001702
0.000001196,0.132825017,0.025738206,0.060807124,0.018569758,0.137217090,0.000092746,0.000001039,0.000000799,0.057273835,0.020754796,0.091894105,0.107781917,0.004327308,0.219124883,0.393540174,0.039718244,0.076184019,0.075478271,0.196261778,0.091007315,0.010722389,0.029307863,0.000196976,0.000511088,0.115691036,0.005586727,0.001291236,0.000866818,0.004069063,0.006169080,0.003978813,0.000777818,0.000083834,0.068829186,0.081794173,0.030307200,0.011389273,0.006927738,0.004312255,0.081375577,0.070790209,0.007755955,0.015440478,0.000027015,0.000017091,0.001743033,0.000880101,0.000498576,0.000430176,0.000001981,0.000003408
0.000000515,0.129516944,0.045934979,0.022793496,0.019431246,0.093844660,0.000058006,0.000000378,0.000000610,0.092302285,0.031235950,0.144463465,0.171355173,0.010872733,0.108275667,0.306831568,0.077971838,0.051046055,0.044962220,0.240564078,0.162667006,0.006555374,0.021080965,0.000210478,0.001130948,0.212102875,0.005962114,0.002671706,0.001495468,0.006046794,0.000294340,0.000236543,0.002251420,0.000516826,0.042084478,0.045172006,0.010631892,0.006459289,0.015804596,0.000929074,0.030553665,0.109200291,0.000854073,0.003021645,0.000022631,0.000018743,0.000363364,0.000520439,0.000093474,0.000091742,0.000000986,0.000001585
0.000000749,0.151972547,0.054726779,0.027041659,0.013521884,0.072667547,0.000052320,0.000000713,0.000000943,0.079094179,0.018477822,0.139725521,0.158508658,0.011304276,0.110581435,0.290897965,0.076088205,0.053776063,0.052594472,0.222576156,0.123482049,0.007498993,0.034984265,0.000196777,0.000659476,0.162206888,0.010037532,0.002161862,0.001372554,0.001784787,0.000856386,0.000785145,0.002747958,0.000191772,0.043112159,0.072389685,0.015299946,0.003202803,0.033150934,0.002821873,0.037467368,0.074713200,0.001821748,0.005847399,0.000012992,0.000007108,0.000453311,0.000728978,0.000130874,0.000083289,0.000001665,0.000002383
0.000000760,0.140891477,0.049777243,0.030669028,0.016699441,0.089097358,0.000049901,0.000000807,0.000000957,0.067580439,0.013762900,0.121223122,0.138976946,0.012723126,0.099321604,0.274962753,0.083394326,0.061563276,0.060999498,0.201148599,0.097401105,0.008764937,0.046043642,0.000170001,0.000697517,0.161864981,0.010244565,0.001868074,0.001079458,0.001824566,0.001072182,0.000963046,0.002851627,0.000189338,0.043845121,0.067261644,0.012783043,0.003097910,0.040840689,0.003103225,0.040608738,0.068523340,0.002349510,0.007251929,0.000009243,0.000005171,0.000443186,0.000689293,0.000142072,0.000092575,0.000001864,0.000002411
0.000000479,0.130551711,0.055312611,0.014662284,0.025124522,0.076881938,0.000045617,0.000000516,0.000000626,0.045932386,0.013795566,0.125940740,0.158054739,0.028365610,0.035920467,0.188417092,0.184194475,0.059089411,0.050628573,0.201214507,0.108359411,0.012328039,0.049077995,0.000173790,0.000911913,0.148554549,0.003495874,0.003249931,0.000930685,0.008492370,0.000567712,0.000399011,0.002412803,0.000368445,0.034238301,0.029056884,0.010315917,0.008919173,0.022821745,0.001541674,0.046091534,0.086555362,0.001077340,0.002664526,0.000019534,0.000018971,0.000508812,0.000536017,0.000050274,0.000061664,0.000000699,0.000001592
0.000000797,0.081304193,0.044472795,0.031952526,0.047593456,0.092509195,0.000045128,0.000000646,0.000000680,0.060768250,0.022144740,0.134086102,0.157220095,0.010382107,0.102327108,0.313690275,0.080761857,0.055222206,0.052718818,0.200299904,0.196305230,0.010708139,0.031324409,0.000156908,0.000478708,0.111686498,0.004862567,0.002154132,0.001366956,0.003738710,0.000383220,0.000368668,0.002386896,0.000133291,0.023779787,0.030211234,0.024247227,0.007445958,0.031019641,0.006338140,0.059907306,0.098221846,0.001778177,0.004234660,0.000019643,0.000013246,0.000274120,0.000627280,0.000056736,0.000056982,0.000001192,0.000002133
0.000000902,0.044980794,0.023055572,0.074593447,0.055302482,0.120294921,0.000016136,0.000000491,0.000000616,0.116679281,0.071536943,0.121350117,0.132876039,0.004446184,0.191664964,0.446302801,0.049541432,0.072264500,0.069545984,0.260203421,0.237971947,0.007096549,0.011539871,0.000060302,0.000515548,0.028895270,0.001092342,0.002383366,0.000904243,0.000881788,0.003137148,0.003484500,0.000480999,0.000183696,0.001890135,0.002197846,0.021334026,0.004680991,0.064387754,0.004708034,0.066698261,0.033361983,0.007717932,0.002482918,0.000009214,0.000005165,0.000543808,0.001755537,0.000010216,0.000006928,0.000001712,0.000001931
0.000001332,0.022223311,0.010008892,0.173624620,0.075391166,0.160859436,0.000009351,0.000000321,0.000001059,0.080973782,0.061992753,0.125696763,0.153152987,0.013568784,0.078938268,0.339805931,0.115032949,0.078952730,0.069201529,0.236722827,0.212265044,0.011441136,0.016968789,0.000014658,0.000693837,0.042624962,0.001053077,0.006776663,0.004141177,0.004943764,0.000055671,0.000151182,0.000367946,0.000510170,0.000386039,0.000304426,0.023375927,0.015649870,0.226665288,0.013213523,0.437877625,0.434922487,0.027562026,0.000890997,0.000001248,0.000001559,0.000012543,0.002099476,0.000001335,0.000000935,0.000000859,0.000000876
0.000000662,0.022613941,0.009688330,0.163848609,0.080519624,0.156299219,0.000008047,0.000000236,0.000000687,0.078043684,0.065832593,0.121403955,0.135321960,0.008602573,0.093384907,0.402473301,0.097949795,0.074554265,0.072384506,0.192910224,0.232368335,0.011027795,0.014068037,0.000028342,0.000595314,0.019763090,0.000792398,0.002924967,0.003975278,0.004749043,0.000026195,0.000053244,0.000826752,0.000150788,0.000645813,0.000565957,0.031174710,0.011371591,0.267538369,0.052063312,0.105375402,0.131799012,0.007308567,0.000782345,0.000004571,0.000004695,0.000027434,0.001119203,0.000001994,0.000001444,0.000001492,0.000000718
0.000000636,0.029361296,0.012250082,0.138322964,0.068538457,0.151307821,0.000008438,0.000000219,0.000000671,0.092053212,0.067011535,0.166356102,0.186376214,0.007494216,0.090981074,0.441299200,0.104922093,0.055252001,0.048125330,0.245392576,0.216957599,0.010284574,0.013255256,0.000028375,0.000645063,0.020858131,0.000908091,0.002944418,0.004207782,0.006372667,0.000015875,0.000033407,0.000947509,0.000187373,0.000653590,0.000557325,0.022207608,0.010212177,0.360474169,0.052347455,0.110444732,0.160798267,0.006829117,0.000736797,0.000002733,0.000003144,0.000014635,0.000865409,0.000001840,0.000001391,0.000001501,0.000000735
0.000000737,0.017847275,0.009787046,0.211672887,0.090767957,0.148954421,0.000007175,0.000000271,0.000000729,0.086280584,0.040705495,0.088856705,0.089120306,0.005002569,0.206251502,0.450446814,0.044913299,0.107972063,0.117337592,0.211362377,0.211653411,0.011076641,0.019252909,0.000034294,0.000260157,0.013945681,0.001311365,0.002850651,0.003236542,0.001436896,0.000073539,0.000153418,0.000772675,0.000139413,0.000553683,0.000653540,0.023396682,0.003692687,0.381412596,0.040109195,0.054895885,0.037874542,0.008725102,0.001076285,0.000004243,0.000003023,0.000055584,0.002062983,0.000003770,0.000001933,0.000002212,0.000000691
0.000000349,0.036033895,0.017138343,0.147333980,0.072924584,0.131326452,0.000008017,0.000000201,0.000000616,0.065727092,0.030706014,0.109416984,0.121756926,0.012902648,0.076250911,0.356887281,0.115000963,0.087941244,0.084302977,0.192651883,0.145481780,0.014948856,0.031155493,0.000056508,0.000349700,0.015582134,0.001462307,0.003065258,0.001917824,0.001560723,0.000019112,0.000035011,0.002834516,0.000109613,0.001362556,0.001403924,0.008775544,0.001911973,0.586324811,0.072410896,0.018402155,0.043317273,0.001167845,0.000560256,0.000003832,0.000003506,0.000043846,0.001128831,0.000003721,0.000002175,0.000002521,0.000000598
0.000000637,0.048901558,0.028832281,0.115413800,0.044728037,0.080049679,0.000009151,0.000000226,0.000000699,0.120066062,0.092705943,0.143395767,0.164079323,0.003425885,0.168398991,0.568231046,0.064930692,0.064944357,0.052386347,0.270943254,0.181875497,0.008061381,0.009264542,0.000040353,0.000516913,0.016242413,0.001365999,0.002543151,0.004763035,0.002935355,0.000016077,0.000032903,0.001615440,0.000089823,0.000690149,0.001010915,0.012891175,0.002512888,0.637818277,0.130301505,0.068696760,0.076873794,0.005986544,0.001083380,0.000001545,0.000001261,0.000010711,0.000687852,0.000003930,0.000001785,0.000002774,0.000000728
0.000000617,0.030410832,0.018573739,0.131767571,0.055687252,0.107029006,0.000006054,0.000000179,0.000000696,0.122790575,0.058487434,0.109388225,0.112750605,0.010295417,0.156407565,0.327875227,0.054595783,0.090945490,0.094099782,0.240475744,0.202586085,0.007614541,0.014143421,0.000038587,0.000414906,0.008784388,0.000641461,0.001775099,0.007331748,0.001078066,0.000049411,0.000107026,0.001086934,0.000379083,0.000448061,0.000720163,0.027978696,0.002583269,0.393274367,0.013626620,0.030896898,0.018428005,0.006614383,0.001393271,0.000008762,0.000004963,0.000057227,0.001767296,0.000005783,0.000002012,0.000002494,0.000000609
0.000000471,0.026192212,0.019022357,0.120925933,0.070525154,0.117151663,0.000006998,0.000000159,0.000000672,0.100118279,0.049245443,0.195632741,0.200818151,0.014164880,0.144501746,0.266045421,0.053270817,0.052487429,0.052614734,0.235668659,0.247688949,0.008851574,0.019720476,0.000040297,0.000476560,0.014043958,0.000653720,0.002375992,0.009213903,0.002264843,0.000032299,0.000070264,0.000869828,0.000283284,0.000685781,0.001110117,0.028264057,0.003537763,0.384195298,0.018344538,0.049267378,0.037085768,0.004641850,0.000645111,0.000005313,0.000003220,0.000034922,0.001189174,0.000003121,0.000001361,0.000001734,0.000000581
0.000000498,0.028765749,0.020605588,0.113461718,0.067122117,0.114864267,0.000007020,0.000000164,0.000000706,0.099234492,0.047367129,0.197480738,0.201463893,0.013520739,0.146061853,0.275406927,0.053262416,0.052135974,0.052256569,0.242620781,0.249303952,0.009009548,0.020397056,0.000039807,0.000488818,0.014854533,0.000688442,0.002544213,0.009544810,0.002266132,0.000030788,0.000070100,0.000878817,0.000315418,0.000662994,0.001094472,0.025573671,0.003290215,0.410163015,0.016869752,0.053553082,0.040637981,0.004760494,0.000634988,0.000004431,0.000002714,0.000029108,0.001227102,0.000003055,0.000001272,0.000001710,0.000000607
0.000000310,0.056698658,0.030244397,0.079440929,0.042073354,0.098207518,0.000008987,0.000000091,0.000000539,0.117379852,0.064978279,0.146208316,0.155456558,0.009313021,0.154615730,0.325768948,0.052899376,0.068998188,0.064222045,0.287839472,0.240325168,0.007127932,0.013003765,0.000074657,0.000708551,0.011280924,0.000323016,0.001867159,0.003531623,0.001093284,0.000075385,0.000098947,0.000877969,0.000977168,0.001030019,0.001291223,0.019524127,0.003162668,0.140589252,0.001913168,0.012599409,0.024932427,0.001027017,0.000426591,0.000029470,0.000017029,0.000335441,0.001407220,0.000003602,0.000002107,0.000001468,0.000000574
0.000000228,0.033588979,0.029350588,0.096414454,0.055047352,0.077344313,0.000010572,0.000000104,0.000000214,0.653827071,0.620589972,0.608329535,0.624025583,0.021916913,0.213400751,0.216721043,0.035353433,0.011559326,0.010440086,0.540043771,0.536756158,0.000532332,0.000332685,0.000079018,0.000578810,0.015117398,0.000866539,0.001401029,0.001023035,0.003523493,0.000109539,0.000089824,0.002514819,0.000261772,0.002727782,0.003191475,0.007842060,0.004093299,0.243018419,0.009924717,0.008884856,0.014779192,0.000837907,0.001474635,0.000025603,0.000025181,0.000297304,0.000870409,0.000012723,0.000014952,0.000001934,0.000000313
0.000000374,0.027788796,0.013093772,0.141763359,0.055371191,0.154091388,0.000023921,0.000000230,0.000000427,0.734420180,0.725979388,0.713318706,0.740870237,0.018133245,0.262149841,0.268085063,0.030175867,0.006507712,0.005562075,0.566505134,0.582601249,0.000378181,0.000222968,0.000125803,0.001114512,0.040475409,0.001721437,0.002356013,0.002373823,0.002835439,0.000115112,0.000103666,0.002991922,0.000169217,0.006742663,0.014307870,0.018873924,0.003292696,0.175483629,0.015731053,0.022950340,0.039909225,0.000982181,0.001640814,0.000017007,0.000010207,0.000216635,0.000565239,0.000020388,0.000013219,0.000002514,0.000000548
0.000000475,0.085572198,0.042227257,0.078450873,0.021285962,0.066110127,0.000021700,0.000000161,0.000000508,0.641218424,0.565095305,0.599624276,0.635902047,0.010846386,0.299409479,0.324670255,0.029988319,0.011664078,0.010090492,0.561557412,0.553701162,0.000624880,0.000462315,0.000135778,0.000945953,0.038187969,0.001235485,0.003674863,0.003848396,0.001601968,0.000094153,0.000108865,0.002745803,0.000311258,0.004097769,0.010687444,0.017552657,0.002228607,0.223324671,0.006533313,0.022647934,0.033090901,0.000863961,0.001113740,0.000017370,0.000009779,0.000159725,0.001178221,0.000014526,0.000007112,0.000001549,0.000000659
0.000000707,0.118660487,0.060274251,0.039488118,0.012785329,0.041298062,0.000021690,0.000000314,0.000000529,0.292684913,0.223791823,0.204946890,0.250415117,0.008232200,0.146550506,0.416287392,0.076735601,0.055573501,0.043335970,0.550566316,0.463589638,0.002446563,0.003082084,0.000099445,0.001075063,0.064162172,0.001528357,0.008049211,0.002088212,0.001614117,0.000264679,0.000313823,0.001517571,0.000272094,0.002572336,0.004570556,0.012369487,0.002082287,0.178937063,0.005678127,0.056080122,0.070922330,0.002073049,0.001052065,0.000005637,0.000003345,0.000130959,0.000900783,0.000006414,0.000003561,0.000000848,0.000001174
0.000000671,0.115548931,0.058843404,0.043453600,0.012884466,0.041433703,0.000020541,0.000000306,0.000000523,0.285315156,0.217182323,0.211464405,0.251211405,0.005509770,0.178935483,0.479046404,0.064567044,0.052913256,0.041485853,0.519191384,0.467952311,0.002551232,0.003112152,0.000101657,0.001102517,0.059654675,0.001448194,0.007423115,0.001804592,0.001668319,0.000246491,0.000293929,0.001660751,0.000319895,0.002541833,0.004148674,0.010073212,0.002186142,0.201306254,0.004959720,0.050997097,0.069155626,0.001830656,0.001053659,0.000005228,0.000003351,0.000122952,0.000936798,0.000005911,0.000003462,0.000000876,0.000001175
0.000000700,0.113394253,0.070503652,0.022492442,0.024865096,0.050271723,0.000009896,0.000000248,0.000000576,0.135178581,0.072528303,0.090567291,0.093967929,0.008764734,0.096318603,0.384029150,0.098639593,0.100591607,0.097032256,0.282171667,0.293225139,0.005490073,0.011026443,0.000038798,0.001000826,0.018652583,0.000436101,0.003136036,0.001517988,0.001328589,0.000943115,0.001005324,0.000304849,0.000803582,0.000566849,0.000510321,0.019947812,0.004174407,0.084223211,0.001828960,0.061338641,0.038552318,0.009337567,0.001167965,0.000012069,0.000006105,0.000562326,0.001063682,0.000003147,0.000001862,0.000000921,0.000000991
0.000000483,0.097986773,0.054816999,0.027630430,0.033289429,0.078546271,0.000008137,0.000000136,0.000000564,0.102928579,0.045836717,0.136844441,0.148106128,0.006620335,0.122217156,0.428326696,0.078310445,0.064652331,0.056269076,0.264996111,0.165331423,0.008515842,0.016153760,0.000042308,0.000621872,0.013433770,0.000611710,0.002435384,0.002515685,0.001652708,0.000065632,0.000094618,0.000930249,0.001185227,0.000491112,0.000518576,0.011375488,0.002750652,0.266448796,0.003190497,0.026273822,0.031637311,0.003749912,0.001140573,0.000008838,0.000006323,0.000106445,0.000857391,0.000004919,0.000002888,0.000001322,0.000000611
0.000000404,0.092572071,0.052517090,0.035632480,0.031065224,0.076948009,0.000007374,0.000000141,0.000000411,0.102560952,0.054354411,0.091057591,0.095055975,0.007092444,0.138941884,0.394548863,0.067233622,0.097602926,0.095186599,0.236516669,0.227934197,0.007761307,0.014282747,0.000047121,0.000473943,0.009165789,0.000542865,0.001297837,0.002210836,0.001968549,0.000157814,0.000180318,0.000618778,0.000450246,0.000618412,0.000618619,0.017589254,0.003161527,0.150946259,0.005848140,0.019522220,0.019676000,0.003664163,0.001003913,0.000016638,0.000009789,0.000273086,0.000776525,0.000004311,0.000002520,0.000001442,0.000000619
0.000000959,0.014561387,0.012029301,0.129221588,0.109437153,0.148915425,0.000008338,0.000000232,0.000000798,0.047370635,0.021836707,0.090059184,0.093885891,0.011827251,0.141311616,0.275201797,0.056773990,0.102650449,0.115725383,0.125314981,0.105614513,0.016162962,0.033606630,0.000022503,0.000309334,0.008760455,0.000424570,0.001072084,0.004744029,0.004657635,0.000470987,0.000667653,0.000147440,0.000089722,0.000364101,0.000367525,0.130500793,0.023565561,0.026081903,0.031484038,0.103520103,0.031672180,0.038673207,0.002365060,0.000047923,0.000034014,0.000289256,0.002011317,0.000005673,0.000004310,0.000001665,0.000000895
0.000001031,0.048690438,0.049577087,0.035321809,0.067013502,0.062733226,0.000006255,0.000000231,0.000000935,0.068364903,0.037103422,0.189680338,0.189853057,0.004647039,0.184652433,0.465008914,0.050418805,0.045274273,0.044526726,0.166811168,0.142347991,0.012839573,0.020034289,0.000026020,0.000214632,0.009001829,0.001105680,0.001067058,0.007595406,0.003471538,0.000063665,0.000153409,0.000608876,0.000097891,0.000307737,0.000402230,0.054814972,0.010498227,0.234828338,0.065176576,0.093355730,0.045314539,0.021354347,0.002702874,0.000007722,0.000007470,0.000029599,0.002636861,0.000004890,0.000002834,0.000002476,0.000000942
0.000001043,0.046206951,0.048067972,0.036064737,0.070052728,0.062500358,0.000006283,0.000000241,0.000000940,0.066773146,0.038782403,0.177481502,0.177490160,0.004857189,0.169017792,0.464259446,0.055215802,0.048466768,0.048473090,0.161083862,0.150208220,0.012866708,0.019749716,0.000025435,0.000226950,0.009555451,0.001040645,0.001163253,0.007537286,0.003349705,0.000065288,0.000159535,0.000582242,0.000089650,0.000301019,0.000391458,0.055205580,0.010343556,0.227408662,0.070848592,0.098020956,0.048917871,0.021604629,0.002654463,0.000007791,0.000007450,0.000030406,0.002710027,0.000004917,0.000002797,0.000002397,0.000000964
0.000001174,0.050746799,0.026474552,0.091732822,0.057268057,0.101993062,0.000005954,0.000000239,0.000000911,0.081521578,0.060503282,0.115400702,0.134589449,0.012171793,0.120214306,0.300890654,0.068701953,0.070125304,0.069406442,0.165014386,0.101173513,0.010254781,0.012566161,0.000026490,0.000184373,0.005073282,0.000818283,0.000729613,0.011054307,0.001614243,0.000120556,0.000275961,0.000521071,0.000078062,0.000255657,0.000484994,0.111242436,0.007567677,0.170684353,0.068338685,0.051481690,0.013915098,0.027678028,0.003669924,0.000025444,0.000016279,0.000078196,0.004111034,0.000009205,0.000003400,0.000004534,0.000000944
0.000000547,0.023154173,0.016850190,0.114147656,0.119513072,0.126898810,0.000004438,0.000000235,0.000000545,0.060882881,0.027107531,0.111567095,0.110971883,0.015502541,0.101061761,0.272277564,0.081704028,0.077856682,0.091698438,0.118053615,0.161618650,0.013668265,0.027159775,0.000032607,0.000081374,0.005267350,0.001535257,0.000892926,0.002393391,0.001655619,0.000141191,0.000254158,0.000871771,0.000156440,0.000535576,0.000539777,0.024011903,0.005542414,0.283352256,0.024919627,0.021593874,0.008111493,0.008134552,0.002232261,0.000016458,0.000016878,0.000136934,0.004721731,0.000009802,0.000007729,0.000002893,0.000000604
0.000000355,0.024791684,0.016742174,0.145346567,0.092497870,0.130239874,0.000008570,0.000000310,0.000000594,0.087953463,0.029541362,0.116964586,0.121465050,0.064215615,0.054242987,0.136891872,0.158513740,0.098124959,0.100497201,0.147674024,0.174902052,0.011902548,0.035018496,0.000100796,0.000071607,0.017498896,0.010551745,0.001496935,0.003020306,0.002788143,0.000015827,0.000032415,0.013462732,0.000026906,0.006869689,0.008992339,0.004178851,0.001284702,0.721208930,0.238379315,0.023438042,0.034839462,0.000692303,0.000903559,0.000002325,0.000003202,0.000013050,0.002009893,0.000018615,0.000013836,0.000003818,0.000000570
0.000000443,0.023626933,0.013695904,0.159612909,0.081565589,0.152496457,0.000010676,0.000000376,0.000000754,0.083986424,0.019026980,0.161594078,0.176611274,0.135615811,0.028836848,0.089042053,0.281234980,0.079498664,0.068484053,0.204742208,0.102196500,0.013916356,0.053503659,0.000084439,0.000095693,0.024258420,0.015773853,0.002372313,0.003635906,0.004013992,0.000006929,0.000016904,0.018428216,0.000036006,0.005946893,0.007620745,0.002567228,0.001222283,0.833559453,0.303010345,0.042815436,0.074827284,0.000940921,0.000930815,0.000000883,0.000001506,0.000003451,0.001654881,0.000020820,0.000013266,0.000003905,0.000000592
0.000000578,0.023402683,0.013469409,0.154321551,0.089747801,0.142771423,0.000009726,0.000000540,0.000000597,0.107005268,0.022182062,0.086034261,0.089828901,0.164638475,0.016600547,0.067330837,0.329952359,0.122199416,0.131465524,0.177374020,0.151528358,0.009359019,0.041846804,0.000078923,0.000091753,0.032268248,0.014527850,0.001809977,0.003563582,0.002848552,0.000023278,0.000046331,0.013879616,0.000108697,0.006575007,0.008163356,0.005784479,0.001589362,0.529731512,0.045594234,0.026089935,0.039239679,0.001277129,0.002764597,0.000003805,0.000004816,0.000016310,0.001960200,0.000057401,0.000037272,0.000002785,0.000000826
0.000000615,0.024103470,0.014336593,0.157948568,0.091654360,0.136953309,0.000010506,0.000000618,0.000000678,0.110602520,0.020820789,0.087970681,0.089065924,0.125314578,0.016615322,0.092089236,0.344231874,0.116868921,0.127787814,0.169752792,0.156389147,0.009197456,0.043002181,0.000082088,0.000099337,0.037292786,0.015961181,0.002042418,0.003570500,0.002893030,0.000020057,0.000041501,0.014616618,0.000081345,0.007254383,0.009142532,0.005788946,0.001554067,0.559208095,0.071279049,0.030665977,0.047079246,0.001280260,0.002552454,0.000003070,0.000003925,0.000013320,0.001861107,0.000053940,0.000034839,0.000002830,0.000000933
0.000000539,0.030893203,0.020073399,0.123634607,0.062128466,0.110852838,0.000018655,0.000000327,0.000000850,0.069910005,0.016998284,0.275659174,0.297015071,0.022976939,0.082041964,0.237899885,0.098372698,0.030955166,0.030431712,0.146238521,0.099568509,0.013969982,0.051948454,0.000106795,0.000411328,0.073370568,0.004240604,0.005948331,0.007316463,0.005326450,0.000005472,0.000009903,0.011694394,0.000244151,0.006604458,0.009065744,0.014119864,0.003312147,0.303078383,0.021748470,0.041860100,0.060103063,0.000916883,0.002024782,0.000011579,0.000013360,0.000016419,0.000641885,0.000063442,0.000037094,0.000001156,0.000000763
0.000000788,0.037699681,0.026805064,0.124436103,0.034565918,0.068315171,0.000052094,0.000000508,0.000000887,0.096351504,0.019536246,0.240774840,0.240641505,0.029040745,0.091147907,0.159907177,0.074529886,0.034380328,0.042099915,0.156359404,0.152463272,0.007954439,0.038651593,0.000246218,0.000856083,0.165949047,0.001621653,0.005227473,0.006767622,0.004345263,0.000268094,0.000273269,0.003009396,0.000615669,0.024587678,0.034760527,0.061111845,0.013334962,0.004411256,0.000601062,0.025670556,0.024038734,0.000855881,0.004326090,0.000623853,0.000453022,0.001025699,0.001830420,0.000563622,0.000421906,0.000000644,0.000001813
0.000001584,0.075704843,0.036186524,0.087078311,0.027078101,0.075746253,0.000063545,0.000000899,0.000001196,0.082310788,0.037450399,0.248715863,0.270812154,0.003133346,0.239400432,0.477588505,0.039270967,0.029309986,0.026937963,0.179299012,0.119249746,0.010469827,0.019201683,0.000247141,0.000281878,0.168849021,0.005390455,0.004514530,0.003781407,0.001975183,0.001121282,0.001359376,0.004373210,0.000717940,0.020378243,0.035844512,0.026125493,0.007414466,0.013577109,0.000478112,0.029994184,0.018148499,0.002408818,0.010135272,0.000130718,0.000104734,0.000567378,0.003487009,0.001169501,0.000893719,0.000001206,0.000003934
0.000000938,0.087152757,0.039436426,0.051941242,0.028661516,0.082868397,0.000063576,0.000000635,0.000001167,0.123137563,0.036420397,0.229097426,0.247864574,0.004883584,0.153450042,0.433310479,0.058799524,0.033277944,0.030863428,0.280870140,0.205901697,0.006695593,0.019447347,0.000333184,0.000407456,0.173102632,0.005352098,0.003732279,0.004505947,0.001477364,0.000639920,0.000826721,0.003279712,0.000654506,0.034736656,0.057461865,0.024908731,0.004937711,0.012179915,0.000447871,0.024171289,0.047578495,0.000630525,0.002818215,0.000083312,0.000054064,0.000601176,0.003047450,0.000289735,0.000147948,0.000001239,0.000003827
0.000001700,0.067900993,0.028443472,0.081474438,0.034592606,0.099850744,0.000012980,0.000000481,0.000000971,0.148604393,0.100861795,0.189869300,0.198854446,0.003942735,0.172366634,0.503128529,0.060720146,0.044133537,0.042068981,0.234889090,0.228787780,0.005223787,0.007593017,0.000021689,0.000442083,0.016546665,0.000580323,0.001192529,0.005056505,0.004492428,0.000893027,0.001243610,0.000110019,0.000136803,0.000357614,0.000506988,0.112211049,0.019674668,0.034868568,0.017043421,0.399380386,0.115225829,0.094912253,0.003777552,0.000011247,0.000006218,0.000175517,0.001541751,0.000005097,0.000002979,0.000001185,0.000001599
0.000001722,0.069824755,0.031188428,0.077760719,0.034074645,0.092528760,0.000012232,0.000000483,0.000001048,0.138131052,0.089943729,0.201640859,0.209468991,0.003831466,0.178240329,0.502817988,0.058159616,0.041544724,0.039584573,0.224645421,0.220788509,0.005746345,0.008670773,0.000023309,0.000398481,0.014543922,0.000567969,0.001113847,0.005911801,0.003711168,0.000900796,0.001337059,0.000121933,0.000143731,0.000343896,0.000539558,0.121851109,0.018342271,0.038382903,0.016155593,0.350388765,0.088009119,0.091705769,0.003996128,0.000012506,0.000006682,0.000176850,0.001847064,0.000005913,0.000003139,0.000001319,0.000001683
0.000001766,0.124940358,0.075610101,0.028432997,0.024345215,0.045531977,0.000014659,0.000000444,0.000001167,0.125511184,0.079885662,0.115569085,0.124803469,0.004228884,0.127678409,0.490620434,0.078604601,0.069405273,0.066471942,0.259553820,0.209671706,0.006323694,0.009166794,0.000034153,0.000421209,0.013117825,0.000483813,0.000843278,0.004216556,0.001650302,0.004125439,0.005444821,0.000094436,0.000201315,0.000533847,0.000811524,0.125874504,0.016754849,0.016583664,0.005114429,0.247946590,0.074042246,0.058128398,0.003251868,0.000023114,0.000010758,0.000677500,0.003159842,0.000005925,0.000003556,0.000001478,0.000002283
0.000000943,0.279733717,0.165001795,0.008490652,0.005291986,0.020415014,0.000011423,0.000000202,0.000000586,0.182074845,0.130157188,0.215306491,0.228387162,0.002183786,0.283745080,0.599962711,0.039379992,0.045494780,0.037332315,0.389210552,0.399513632,0.004041548,0.004728019,0.000043409,0.000961402,0.019587737,0.000591238,0.002520826,0.001564407,0.002158352,0.000864758,0.000925820,0.000238773,0.000527884,0.000423936,0.000510809,0.024554523,0.007872329,0.059166580,0.002562413,0.093279779,0.077612199,0.015472381,0.001308865,0.000010278,0.000006385,0.000325689,0.001241298,0.000001913,0.000001807,0.000000623,0.000000986
0.000000671,0.238862365,0.112012535,0.006180647,0.014706287,0.047677692,0.000014768,0.000000122,0.000000638,0.126632333,0.051715687,0.146042794,0.170878351,0.003386708,0.188307777,0.492394865,0.048052747,0.052896135,0.040001072,0.300305694,0.199837774,0.006294027,0.009525850,0.000129187,0.000256435,0.010446226,0.000837060,0.000563782,0.006430421,0.003241184,0.000085464,0.000127862,0.001512246,0.001734111,0.001862063,0.002911888,0.026893198,0.012024900,0.063892774,0.000913929,0.020614702,0.022857709,0.002365489,0.002154463,0.000044208,0.000043829,0.000141142,0.002019402,0.000017054,0.000020159,0.000001477,0.000000765
0.000000544,0.180887103,0.112490535,0.009471784,0.021114778,0.046538379,0.000013502,0.000000149,0.000000317,0.098718494,0.061953243,0.036407683,0.047181789,0.009165564,0.152821809,0.311789930,0.054110151,0.196477711,0.173230156,0.402089536,0.212267309,0.007456334,0.008427154,0.000057818,0.000681830,0.012329956,0.000687938,0.000847498,0.001198535,0.003758235,0.000319419,0.000226732,0.000784208,0.000426503,0.001434190,0.001530792,0.019408731,0.005725723,0.134293631,0.004709611,0.035613924,0.027690100,0.005039675,0.001485400,0.000010532,0.000005573,0.000413124,0.000276151,0.000003060,0.000003102,0.000001487,0.000000496
0.000000697,0.262643635,0.187420413,0.003440629,0.013120987,0.029496016,0.000011940,0.000000202,0.000000332,0.063113049,0.033388942,0.046696622,0.058939382,0.014468712,0.085360363,0.274294108,0.096315123,0.163156211,0.139158979,0.388500601,0.183129102,0.011113573,0.015182965,0.000038813,0.000508882,0.014241592,0.000935889,0.001257028,0.000914293,0.007085165,0.000476823,0.000375434,0.000456062,0.000302573,0.001028657,0.000824008,0.017128251,0.011303646,0.119369037,0.007372952,0.077307202,0.035340507,0.015065595,0.001803117,0.000007348,0.000005792,0.000264379,0.000386203,0.000002280,0.000003076,0.000000875,0.000000525
0.000000735,0.264842808,0.183950335,0.003317344,0.013558487,0.030450830,0.000012187,0.000000196,0.000000354,0.063832000,0.031863041,0.046438128,0.057846554,0.014235527,0.087842181,0.272051483,0.092997454,0.163886219,0.140754372,0.395581812,0.176721171,0.010905891,0.015587840,0.000039519,0.000494254,0.013616990,0.000823955,0.001205676,0.000964134,0.005628469,0.000643696,0.000519427,0.000410719,0.000430398,0.000975210,0.000803517,0.018182397,0.011592462,0.095401272,0.004286241,0.073709443,0.032453839,0.015312897,0.001897890,0.000009123,0.000006988,0.000341353,0.000489136,0.000002618,0.000003424,0.000000872,0.000000556
0.000000898,0.226731449,0.204966187,0.003760943,0.022318643,0.020880651,0.000011807,0.000000231,0.000000273,0.049198482,0.025748583,0.062997133,0.072998762,0.009254650,0.211025834,0.281735927,0.036025837,0.132183895,0.127555743,0.317097366,0.207598448,0.014940671,0.019774538,0.000041045,0.000131399,0.010977102,0.002814589,0.000797957,0.001249356,0.025173398,0.000257779,0.000213103,0.000577858,0.000033913,0.001213633,0.000842516,0.021814613,0.022142908,0.106446885,0.101541840,0.081079483,0.028439742,0.019491455,0.003384344,0.000014242,0.000017776,0.000135198,0.000380177,0.000003464,0.000006619,0.000001112,0.000000504
0.000001119,0.257151842,0.269550145,0.002604135,0.013149927,0.011976538,0.000009113,0.000000172,0.000000338,0.029964011,0.031519853,0.036858428,0.045897901,0.014859599,0.173073068,0.236740932,0.044464085,0.207985833,0.194799915,0.265568018,0.200548813,0.024645712,0.016253624,0.000025161,0.000402764,0.017638026,0.002222783,0.002243907,0.001630654,0.029165259,0.000040047,0.000041111,0.001218146,0.000202523,0.000699339,0.000427755,0.010858789,0.013060668,0.428967923,0.047364850,0.142037734,0.067162581,0.021814240,0.002701500,0.000003268,0.000004048,0.000027665,0.000208483,0.000001406,0.000002135,0.000000919,0.000000321
0.000001214,0.285309345,0.289833486,0.001799477,0.011925964,0.012538665,0.000010582,0.000000193,0.000000346,0.036433678,0.031466775,0.032535814,0.034624327,0.012812339,0.183525473,0.226358756,0.040274009,0.220646963,0.220278084,0.242900580,0.253665954,0.016776079,0.014826258,0.000028845,0.000466269,0.014857590,0.000616449,0.001869102,0.000830008,0.010271875,0.001802988,0.001314792,0.000254074,0.000925946,0.000688970,0.000373333,0.016134035,0.021986222,0.050059896,0.001447966,0.145965129,0.024949484,0.043924674,0.003337782,0.000015724,0.000014661,0.000649715,0.000662585,0.000003059,0.000005301,0.000000479,0.000000439
0.000001565,0.200281858,0.121227093,0.006203800,0.023122568,0.051231768,0.000010044,0.000000257,0.000000737,0.050872739,0.019190595,0.044651553,0.052000232,0.015955737,0.089545675,0.241538659,0.083988309,0.153936759,0.152120203,0.247713774,0.110438406,0.011931904,0.025085635,0.000026301,0.000309366,0.009879502,0.000762578,0.000974940,0.002455303,0.003137515,0.001461071,0.001719554,0.000229316,0.000721422,0.000421662,0.000385604,0.052658163,0.018470626,0.036789525,0.002192912,0.128529027,0.028298454,0.053164896,0.003984535,0.000024257,0.000017191,0.000505993,0.001657064,0.000003829,0.000003925,0.000001045,0.000000781
0.000001409,0.280732691,0.249268517,0.002452688,0.016387291,0.019066246,0.000009150,0.000000224,0.000000466,0.034501318,0.021910213,0.030103723,0.033139277,0.013142917,0.139987692,0.238797665,0.053627554,0.226221740,0.219235957,0.212204918,0.160721421,0.018225938,0.021413742,0.000023898,0.000448915,0.015172774,0.000952739,0.001910911,0.000802309,0.003316039,0.001279313,0.001216115,0.000378808,0.000497396,0.000509347,0.000357849,0.018801838,0.010485168,0.118496835,0.004220034,0.120296948,0.034667797,0.038089957,0.003458950,0.000007752,0.000005618,0.000412777,0.000774245,0.000002389,0.000003140,0.000000851,0.000000541
0.000001453,0.262517840,0.235910758,0.002726621,0.019038944,0.021916596,0.000009213,0.000000222,0.000000459,0.034587435,0.022322785,0.027734539,0.030810177,0.012711481,0.148872674,0.240104988,0.050336249,0.240153551,0.231336117,0.213993624,0.156838924,0.018648526,0.020838402,0.000022723,0.000435529,0.015194063,0.001024628,0.001824999,0.000786643,0.003059178,0.001306565,0.001264571,0.000376883,0.000492836,0.000496768,0.000356572,0.017392395,0.009127219,0.134806916,0.004424172,0.122147813,0.036003977,0.040531576,0.003670214,0.000006407,0.000004484,0.000371696,0.000733462,0.000002457,0.000003139,0.000000939,0.000000540
0.000001533,0.175045595,0.099945262,0.007184051,0.024963284,0.063211739,0.000009332,0.000000274,0.000000787,0.050583579,0.017852124,0.037932068,0.046660509,0.013722182,0.111760065,0.265214562,0.070973128,0.181399360,0.175915480,0.267010301,0.096585907,0.012324800,0.028200056,0.000020491,0.000623876,0.016001577,0.000969009,0.002102603,0.001682765,0.002051343,0.000536188,0.000689519,0.000451427,0.000491585,0.000379870,0.000429032,0.028920587,0.006787173,0.224101096,0.007165413,0.163340732,0.047642611,0.050099444,0.003286953,0.000003919,0.000002227,0.000155388,0.000715221,0.000001947,0.000001681,0.000001282,0.000000624
0.000001146,0.163715973,0.092185676,0.006027483,0.027648378,0.068200834,0.000018032,0.000000396,0.000000562,0.040712848,0.013922272,0.047814582,0.058456745,0.009946655,0.091988042,0.320601761,0.087124169,0.140732333,0.132285759,0.228962958,0.114920221,0.014880388,0.035487432,0.000044390,0.000398121,0.029196484,0.001765472,0.001915741,0.001430771,0.004420583,0.000681067,0.000622944,0.000672142,0.000392114,0.001456376,0.001582697,0.020469073,0.007277762,0.081204243,0.004432824,0.115833566,0.039953172,0.020169772,0.005339519,0.000008658,0.000005514,0.000243680,0.000401514,0.000011009,0.000011895,0.000000826,0.000000830
0.000000704,0.178581238,0.081312984,0.006941158,0.019325327,0.075940162,0.000026098,0.000000323,0.000000469,0.060641296,0.019182647,0.047226328,0.053674314,0.006206040,0.114469729,0.394900471,0.072374001,0.142198771,0.142498553,0.246712759,0.205359489,0.009419153,0.026972281,0.000088578,0.000590808,0.053491302,0.002191241,0.002378020,0.001245758,0.003460229,0.000326000,0.000276871,0.001114707,0.000529845,0.004183084,0.005098024,0.011849860,0.004546731,0.078350276,0.002048834,0.060369827,0.074037105,0.003507703,0.002252783,0.000008303,0.000004855,0.000275794,0.000308437,0.000012460,0.000014106,0.000000697,0.000000793
0.000000777,0.139303416,0.077221394,0.006808011,0.033055514,0.074393734,0.000025293,0.000000480,0.000000497,0.045008998,0.020259866,0.043868810,0.050265305,0.011207584,0.084221043,0.283806354,0.086141080,0.146552056,0.150622860,0.234057203,0.171224520,0.011916611,0.027624851,0.000070592,0.001734157,0.058664016,0.001019932,0.002351280,0.000375647,0.002645022,0.001599337,0.001077421,0.001109753,0.000445768,0.004674172,0.003957540,0.008639039,0.005433077,0.066304974,0.001937730,0.064454064,0.056448974,0.005232105,0.004735443,0.000007670,0.000004784,0.000786782,0.000423022,0.000015067,0.000019056,0.000000938,0.000001125
0.000000633,0.130992427,0.062361728,0.007962646,0.041265227,0.090245828,0.000021178,0.000000316,0.000000384,0.047033407,0.022888931,0.050385445,0.059764732,0.011008337,0.095969580,0.285344273,0.078092016,0.133594453,0.130863249,0.208880886,0.185446650,0.012338633,0.025341820,0.000060375,0.000907951,0.048822701,0.001243942,0.001786468,0.000441055,0.003308163,0.001081265,0.000794646,0.000841907,0.000651103,0.003919127,0.003182004,0.007260739,0.005993184,0.064002499,0.001388516,0.068304032,0.073623702,0.005144627,0.003366756,0.000005856,0.000004240,0.000470038,0.000382547,0.000013200,0.000019127,0.000000819,0.000000835
0.000000673,0.120555185,0.055047512,0.007864059,0.047964729,0.103028372,0.000024290,0.000000361,0.000000383,0.048067112,0.021198880,0.049498472,0.058194440,0.010314583,0.093752481,0.299524397,0.081030309,0.132678524,0.132268503,0.211456969,0.185505867,0.011817719,0.026205294,0.000066650,0.000802814,0.054524634,0.001575122,0.001785691,0.000420872,0.004171381,0.001052454,0.000770018,0.000910482,0.000581947,0.004862156,0.003762753,0.007445109,0.007286145,0.051240262,0.001467397,0.069650427,0.083632946,0.004904210,0.003881708,0.000006777,0.000005272,0.000452495,0.000393927,0.000016101,0.000025082,0.000000810,0.000000937
0.000000723,0.146612033,0.060911626,0.006484600,0.030625392,0.101461753,0.000020426,0.000000487,0.000000545,0.042014129,0.015777711,0.068011560,0.076622657,0.007967195,0.108595222,0.339907289,0.072535142,0.101507373,0.103825487,0.159318566,0.135754541,0.013401495,0.039503045,0.000066722,0.000814029,0.042613454,0.001485234,0.001667996,0.000488748,0.001232847,0.002376621,0.001805290,0.000995775,0.000242654,0.003149187,0.003765373,0.010891914,0.002848318,0.075922430,0.003442228,0.051160697,0.039325461,0.006631408,0.006312339,0.000007625,0.000003945,0.000935869,0.000553103,0.000023143,0.000025442,0.000001109,0.000001122
0.000000691,0.116764851,0.051620696,0.005450794,0.055171855,0.112210184,0.000033035,0.000000238,0.000000352,0.031111447,0.015768480,0.075304680,0.090165414,0.007255964,0.200008750,0.293728739,0.034705482,0.090747163,0.090733819,0.140458554,0.142581135,0.018153934,0.034007546,0.000100098,0.000305324,0.037839755,0.001449506,0.001178489,0.001036823,0.008144516,0.001103289,0.000698403,0.000594281,0.000180670,0.005463734,0.005744615,0.031694915,0.016140912,0.008407358,0.003276040,0.039386295,0.044553008,0.004576055,0.004957868,0.000068068,0.000053672,0.001342933,0.000521121,0.000061707,0.000111579,0.000000726,0.000000837
0.000000657,0.181485206,0.084213704,0.011560102,0.031671815,0.054789878,0.000082244,0.000000215,0.000000210,0.447896719,0.569938898,0.558355331,0.560183525,0.002812172,0.562639892,0.533655524,0.007143645,0.012715947,0.008488878,0.430220783,0.540104270,0.001024186,0.000303543,0.000251439,0.000276332,0.093063578,0.005043804,0.001754478,0.000814998,0.020008974,0.002115268,0.000832703,0.001005590,0.000064421,0.033185665,0.039521988,0.024105385,0.025653530,0.004329715,0.005061338,0.034560900,0.078639887,0.001707189,0.004378535,0.000130672,0.000135626,0.003607701,0.000628788,0.000189083,0.000658161,0.000000780,0.000000765
0.000000714,0.070248909,0.023395365,0.049979877,0.056734893,0.121549904,0.000024827,0.000000245,0.000000387,0.626343012,0.712527752,0.750389338,0.753349423,0.010296511,0.384547472,0.392366976,0.009013270,0.004351295,0.003026354,0.392926484,0.492798924,0.000464659,0.000172126,0.000090596,0.000399793,0.025163893,0.000852775,0.000792382,0.001286968,0.007549538,0.005209831,0.003637020,0.000533975,0.000485970,0.005017566,0.006476875,0.034552068,0.050547522,0.004431969,0.000860832,0.047541946,0.028360080,0.007038819,0.006296981,0.000196134,0.000257636,0.002187949,0.003221984,0.000114502,0.000308556,0.000001592,0.000000791
0.000000926,0.200030595,0.098713242,0.018726097,0.014469596,0.037994158,0.000013980,0.000000195,0.000000323,0.576475620,0.695486486,0.702389479,0.697523415,0.007483446,0.434796542,0.424666792,0.009151431,0.006525809,0.004209050,0.479958147,0.549149334,0.000630419,0.000166182,0.000033696,0.000354782,0.018518489,0.000704791,0.001192164,0.000913223,0.009907176,0.005219915,0.003988960,0.000175428,0.000229396,0.001128983,0.001177105,0.030917320,0.046523567,0.012157966,0.003217077,0.150031909,0.038205933,0.032423291,0.003842694,0.000038115,0.000047544,0.000892201,0.002161393,0.000013938,0.000035579,0.000000841,0.000000566
0.000000887,0.214911148,0.106006548,0.017774867,0.012873675,0.034652822,0.000014017,0.000000187,0.000000320,0.580736518,0.695787311,0.706120372,0.701611996,0.008398685,0.405578643,0.394115269,0.010547026,0.006359263,0.004093406,0.494194537,0.535230577,0.000604387,0.000166793,0.000032315,0.000418448,0.020234834,0.000644411,0.001358908,0.000930253,0.009566070,0.004745801,0.003560165,0.000166572,0.000226846,0.001090322,0.001174907,0.030991402,0.041882440,0.013901177,0.003434580,0.163195357,0.042526692,0.032927886,0.003395434,0.000030918,0.000036444,0.000847558,0.001885386,0.000012112,0.000029574,0.000000796,0.000000543
0.000001196,0.248247519,0.109783135,0.006106701,0.007290561,0.032948960,0.000020730,0.000000206,0.000000436,0.344932288,0.312801510,0.444505990,0.470991582,0.006210427,0.287397534,0.378373772,0.033653058,0.020224763,0.014694856,0.411128342,0.433590621,0.001689592,0.001467075,0.000050665,0.000667249,0.033264767,0.000814324,0.002827913,0.001764380,0.005645773,0.001713019,0.001605795,0.000226844,0.000229178,0.000944978,0.001317532,0.050066452,0.022124864,0.012615371,0.003562631,0.154180720,0.090856366,0.018170673,0.002609295,0.000027288,0.000021655,0.000397204,0.001351921,0.000007425,0.000010017,0.000000480,0.000000973
0.000000766,0.171230227,0.107577801,0.009494283,0.013272188,0.029139997,0.000017433,0.000000177,0.000000492,0.216056049,0.173195109,0.308802724,0.324838012,0.006449510,0.205991045,0.375587642,0.047612548,0.031136682,0.024835808,0.350800306,0.427585542,0.003219070,0.003928139,0.000058290,0.001091338,0.031072963,0.000320394,0.003358190,0.001308001,0.003200952,0.002865267,0.002512600,0.000175724,0.001156493,0.000998687,0.000989626,0.029210787,0.018455844,0.009507220,0.000413156,0.094625965,0.072616249,0.007817014,0.001133776,0.000037453,0.000028727,0.001051917,0.001937723,0.000004906,0.000005893,0.000000406,0.000001158
0.000000635,0.090870321,0.050927702,0.045984644,0.021969147,0.059341207,0.000014734,0.000000226,0.000000433,0.100745976,0.056757405,0.196172521,0.199429691,0.004150745,0.298880219,0.410052508,0.028962836,0.044387493,0.043507181,0.231195912,0.235960662,0.007343556,0.012723234,0.000057158,0.000767295,0.025236234,0.000541143,0.001602429,0.001109016,0.003105584,0.000948754,0.000760191,0.000405995,0.000515313,0.001325074,0.001449127,0.021037636,0.008373727,0.025700966,0.001843966,0.052866872,0.041456457,0.006575315,0.003202701,0.000022900,0.000015683,0.000548145,0.000650619,0.000015005,0.000017353,0.000000815,0.000001002
0.000001567,0.080655940,0.035690207,0.043718576,0.031170677,0.096556038,0.000046294,0.000000538,0.000000894,0.099415958,0.067392312,0.175485313,0.190213844,0.003908256,0.199366897,0.450441837,0.047522452,0.044650607,0.040537033,0.234856859,0.216028601,0.007651046,0.010554358,0.000108204,0.000569535,0.067201175,0.001726886,0.001749199,0.002114824,0.002647160,0.001817628,0.001817525,0.000495455,0.000289373,0.005535330,0.008377763,0.068271145,0.017295279,0.005779751,0.001843636,0.123183005,0.160092056,0.006718580,0.004824004,0.000038925,0.000022747,0.000623289,0.001223386,0.000051639,0.000046235,0.000001149,0.000002996
0.000001054,0.094989896,0.049412128,0.048678521,0.022327188,0.072451591,0.000066185,0.000000715,0.000000732,0.104532413,0.077916704,0.127390355,0.143276334,0.003154511,0.245639816,0.472978204,0.038190991,0.059216518,0.058155909,0.244748190,0.245330215,0.006790784,0.009332650,0.000221225,0.000469742,0.071978055,0.002894755,0.001308979,0.001290409,0.001640920,0.005034556,0.003353698,0.000764008,0.000146659,0.020507360,0.036903881,0.046925694,0.007515520,0.006311858,0.002079489,0.055789813,0.068816476,0.003185333,0.006435687,0.000049224,0.000021798,0.002637602,0.001063854,0.000146981,0.000114425,0.000001651,0.000003303
0.000001063,0.101732120,0.051468998,0.046603411,0.021375835,0.071656592,0.000067718,0.000000700,0.000000699,0.107465126,0.086058885,0.119295456,0.137585357,0.003099461,0.223703235,0.486113846,0.043259848,0.062462986,0.059190787,0.263188928,0.254721314,0.006682837,0.008225316,0.000226973,0.000457243,0.069131456,0.002769589,0.001260865,0.001272367,0.001722368,0.005660521,0.003711076,0.000732655,0.000176399,0.019963436,0.034836430,0.045248933,0.007900359,0.005538433,0.001587376,0.053584095,0.067980215,0.003034891,0.005955994,0.000052480,0.000024008,0.002813301,0.001149949,0.000142005,0.000112107,0.000001609,0.000003455
0.000001366,0.123296753,0.043911386,0.049675975,0.019703662,0.072312556,0.000041230,0.000000729,0.000001009,0.075461812,0.042019285,0.250017971,0.272820532,0.005081257,0.138717175,0.414988428,0.064045586,0.027004644,0.022955390,0.211395353,0.182180941,0.009858320,0.016537635,0.000109613,0.000509070,0.137004092,0.005873330,0.002212628,0.002618175,0.002808427,0.000358467,0.000476442,0.002281940,0.000376494,0.015247963,0.022093285,0.017111322,0.006391224,0.059072342,0.002897887,0.140811682,0.160717949,0.005909013,0.008376717,0.000004457,0.000003490,0.000078566,0.000713188,0.000125644,0.000104523,0.000001305,0.000002411
0.000000633,0.154608861,0.045872286,0.027418407,0.016195659,0.095736526,0.000070574,0.000000479,0.000000636,0.102125354,0.029387577,0.193405628,0.218019739,0.003587819,0.211643815,0.447740436,0.041595861,0.037449583,0.032204740,0.261777103,0.145000756,0.007187215,0.019201489,0.000285095,0.000306914,0.105794817,0.009379795,0.001438624,0.001216481,0.005157414,0.000316174,0.000228225,0.002341668,0.000080819,0.061591927,0.091590174,0.023217944,0.007766520,0.019839823,0.009814085,0.037738886,0.128118008,0.001380806,0.004222379,0.000021913,0.000015855,0.000431714,0.000360686,0.000192660,0.000213686,0.000001408,0.000001841
0.000000893,0.154331043,0.060659178,0.027274517,0.012487711,0.068653435,0.000047832,0.000000906,0.000000619,0.104125023,0.049742673,0.178817034,0.207601741,0.004620792,0.159004867,0.418283641,0.057144102,0.041761801,0.034867104,0.319967270,0.207949787,0.006737859,0.013279778,0.000133913,0.000518800,0.148521528,0.009871709,0.001898771,0.000623938,0.002494694,0.001967482,0.001448087,0.002063342,0.000110152,0.026446093,0.036274690,0.008279013,0.003283159,0.059599604,0.005464217,0.063615434,0.096611463,0.004498860,0.007800562,0.000003670,0.000002410,0.000394649,0.000470017,0.000127864,0.000136035,0.000001529,0.000002487
0.000000818,0.185348213,0.062613539,0.023946272,0.010415873,0.059020091,0.000014871,0.000000440,0.000000620,0.130672306,0.075401656,0.163872719,0.189993933,0.007293353,0.096037842,0.396248341,0.096041024,0.051066972,0.040661808,0.341437787,0.233008265,0.005528302,0.009294131,0.000065748,0.000459776,0.026367284,0.001708097,0.001668603,0.001788220,0.001475875,0.000651190,0.000771151,0.000972388,0.000178614,0.002009131,0.003604683,0.018480532,0.003455140,0.190817520,0.009164222,0.076939061,0.036876086,0.008299726,0.002705268,0.000004179,0.000002571,0.000149344,0.000876267,0.000009304,0.000007042,0.000001480,0.000001315
0.000000891,0.223637298,0.081642978,0.021325380,0.008742068,0.044505913,0.000009755,0.000000207,0.000000615,0.124583311,0.069079287,0.146909460,0.167170838,0.006184206,0.153734952,0.374115318,0.058906239,0.058561653,0.046266120,0.339406610,0.162188649,0.005926522,0.008203177,0.000042336,0.000450432,0.009744554,0.000381323,0.000954522,0.001732107,0.002188578,0.002499726,0.002704073,0.000224371,0.000894486,0.000608072,0.000656081,0.027926631,0.012378828,0.044416979,0.001107030,0.077806510,0.020159854,0.022677151,0.002193544,0.000017438,0.000013745,0.000587273,0.002342732,0.000005141,0.000005680,0.000001124,0.000000979
0.000000914,0.219697163,0.085005432,0.018005341,0.010838287,0.047619205,0.000009628,0.000000192,0.000000612,0.118114896,0.070649460,0.115052782,0.130983591,0.006478386,0.160809800,0.361172706,0.055116247,0.073000304,0.061098922,0.312099695,0.170055732,0.006063154,0.008034487,0.000040393,0.000457056,0.009897443,0.000380838,0.000927942,0.001697317,0.002047532,0.002695639,0.002972550,0.000210941,0.001067416,0.000619672,0.000654499,0.025433801,0.012064824,0.045194011,0.000882909,0.080897935,0.021034036,0.022371646,0.002192057,0.000016156,0.000012957,0.000601105,0.002528347,0.000005027,0.000005744,0.000001164,0.000000923
0.000001092,0.204589933,0.081593402,0.022922002,0.010015859,0.047583893,0.000009033,0.000000230,0.000000815,0.101361603,0.051239990,0.145744815,0.163051337,0.009710371,0.124251865,0.315376759,0.070023991,0.059974641,0.050353702,0.290078014,0.139133513,0.007444073,0.012097411,0.000027860,0.000520498,0.014826342,0.000640140,0.001344296,0.002773490,0.002196083,0.000929832,0.001294818,0.000253628,0.000616853,0.000520162,0.000684284,0.029745840,0.008703317,0.106590621,0.003100080,0.166888818,0.049005024,0.034566000,0.002248103,0.000004814,0.000003512,0.000159587,0.001547718,0.000003501,0.000003010,0.000001173,0.000000878
0.000001080,0.177488491,0.071972534,0.014883373,0.017923739,0.067869179,0.000042819,0.000000437,0.000000942,0.092817158,0.024999874,0.133976176,0.149119824,0.005849925,0.140239537,0.367204249,0.056652255,0.052014373,0.048647474,0.272511303,0.146101087,0.007672854,0.020303728,0.000166551,0.000494025,0.087357327,0.002544099,0.001662724,0.002791289,0.001544441,0.000869302,0.001020774,0.001655930,0.000583098,0.015487949,0.027417962,0.026451703,0.006350679,0.022160368,0.000828157,0.063999586,0.076612033,0.002256570,0.004292144,0.000020127,0.000012123,0.000379284,0.001373222,0.000087661,0.000072439,0.000001218,0.000002204
0.000000999,0.181438759,0.063109815,0.021246979,0.018208236,0.071889929,0.000042370,0.000000270,0.000000598,0.094965845,0.033047758,0.152110174,0.173839480,0.004233131,0.144058779,0.438680828,0.059170760,0.041903101,0.035428826,0.228372350,0.159097314,0.006894974,0.014090959,0.000129428,0.000650521,0.073631160,0.001269668,0.002355985,0.003366081,0.007053445,0.000170051,0.000149383,0.001141623,0.000824384,0.005259228,0.007060925,0.051558480,0.018653944,0.009576909,0.001155217,0.068238474,0.142659739,0.002481342,0.002893729,0.000062263,0.000044319,0.000363069,0.000439204,0.000043904,0.000052226,0.000000614,0.000001296
0.000001000,0.110759795,0.039024927,0.026346395,0.041487545,0.115794249,0.000121579,0.000000404,0.000001247,0.061386731,0.013508953,0.081051007,0.086517781,0.005181996,0.160623863,0.378443956,0.048112422,0.077984400,0.087871380,0.197964102,0.135053039,0.009298667,0.034389157,0.000396690,0.001016287,0.137116641,0.001693616,0.001276801,0.002695187,0.002827075,0.001114844,0.000967591,0.001078774,0.002471487,0.089390598,0.108531430,0.042865545,0.020853946,0.001549738,0.000089057,0.035284270,0.143268645,0.000897091,0.005484190,0.000205909,0.000131601,0.002463181,0.001708289,0.000570377,0.000521770,0.000001312,0.000003216
0.000001700,0.100660563,0.042111378,0.018092129,0.032574579,0.103803910,0.000104672,0.000000501,0.000001183,0.073626876,0.023540918,0.078379102,0.081179030,0.007456962,0.240128025,0.269804239,0.028075881,0.097060919,0.112474613,0.284595490,0.226113856,0.008116989,0.021678150,0.000207435,0.001426758,0.145526424,0.001329515,0.002207241,0.002483452,0.001753434,0.006128678,0.005038196,0.000446416,0.001340312,0.032504767,0.045505974,0.054649521,0.016911980,0.001658912,0.000115082,0.082626462,0.133765101,0.003223242,0.006276579,0.000101853,0.000047792,0.003948172,0.001884653,0.000228988,0.000181876,0.000001104,0.000003283
0.000001673,0.103063501,0.044786751,0.017612224,0.032639652,0.097154170,0.000106211,0.000000522,0.000001155,0.071016766,0.021771215,0.078967787,0.081656508,0.007192463,0.223806545,0.280704111,0.030770095,0.095329903,0.109740034,0.290973395,0.232874230,0.008338778,0.022752112,0.000218367,0.001430858,0.146211341,0.001275867,0.002203937,0.002335535,0.002056650,0.005870488,0.004640407,0.000471907,0.001248136,0.033933636,0.045231178,0.054054134,0.018696506,0.001460585,0.000121714,0.075388759,0.130898416,0.002918688,0.006302011,0.000121656,0.000060456,0.004311094,0.001914288,0.000240480,0.000207096,0.000001036,0.000003434
0.000001057,0.114891149,0.045439038,0.027280154,0.031711631,0.105882898,0.000100945,0.000000580,0.000000975,0.074911930,0.024956591,0.087264426,0.093170077,0.007234726,0.179922104,0.293318063,0.039906897,0.079747416,0.090714693,0.258160710,0.179804206,0.007771589,0.021246150,0.000254281,0.001299605,0.139948830,0.001908318,0.001262290,0.001144345,0.001430348,0.008637328,0.005896959,0.000639585,0.000738858,0.060779851,0.078823432,0.030548556,0.010199467,0.002242819,0.000199927,0.039716471,0.105944537,0.001912854,0.008246632,0.000076792,0.000038727,0.006661155,0.001800750,0.000393250,0.000360578,0.000001678,0.000003716
0.000001865,0.167388126,0.072994851,0.016058309,0.018494371,0.066504121,0.000080916,0.000000515,0.000000880,0.097202435,0.046285726,0.084390737,0.095289178,0.005001896,0.199951366,0.362478882,0.038403507,0.078352958,0.077503689,0.276684850,0.184742272,0.006707833,0.009605410,0.000184919,0.000684796,0.132525459,0.002649650,0.002169105,0.001480339,0.001790641,0.002744143,0.002498522,0.000812825,0.000490584,0.020512447,0.028668221,0.044604193,0.014916619,0.003850440,0.000558456,0.066392496,0.128714114,0.003060032,0.007492139,0.000063328,0.000039409,0.001484301,0.001902965,0.000180121,0.000193111,0.000001338,0.000003046
0.000001057,0.161345467,0.053287163,0.017469481,0.023037212,0.090339750,0.000083467,0.000000553,0.000000898,0.086741008,0.026736112,0.140704885,0.151717961,0.003159702,0.205413580,0.450451851,0.040524852,0.045991603,0.045155209,0.201186642,0.165183604,0.006699860,0.019629942,0.000284682,0.000540131,0.114470810,0.002521425,0.001785063,0.001355854,0.001976385,0.003352593,0.002489669,0.000990549,0.000938123,0.032721356,0.044357542,0.037176624,0.013821715,0.003372395,0.000238264,0.039945025,0.083269559,0.001607523,0.005745288,0.000112025,0.000066799,0.003417899,0.001731875,0.000232415,0.000248316,0.000001091,0.000003083
0.000001222,0.175447479,0.063366808,0.033631593,0.013428817,0.060087793,0.000069550,0.000000523,0.000000882,0.076310851,0.021176826,0.104436152,0.113586724,0.002249530,0.300564021,0.480805874,0.025857551,0.064679630,0.065884292,0.244612470,0.123867199,0.008692394,0.020724250,0.000253417,0.000354031,0.114835843,0.004746920,0.001367907,0.001651286,0.001724223,0.001496029,0.001352638,0.001743161,0.000670262,0.034282055,0.052178439,0.022763051,0.007768755,0.008556765,0.000505271,0.037139975,0.085159533,0.001750504,0.008577509,0.000047118,0.000028984,0.000964045,0.001312285,0.000360639,0.000339655,0.000001519,0.000002858
0.000001325,0.176072508,0.080507219,0.024994992,0.015871497,0.046866626,0.000063603,0.000000752,0.000000769,0.079406470,0.029396141,0.154206514,0.176794887,0.005690427,0.102085449,0.384706885,0.078525618,0.040081754,0.035347927,0.263372868,0.122381561,0.008566993,0.016532503,0.000154718,0.000502646,0.124963254,0.004305675,0.002175811,0.001201232,0.003097980,0.001474207,0.001169849,0.001440027,0.000216990,0.019500304,0.026443906,0.029742518,0.010446038,0.013967289,0.002571531,0.070750274,0.102707416,0.003937527,0.008822839,0.000025607,0.000017613,0.000690250,0.000733388,0.000146501,0.000180635,0.000001288,0.000002993
0.000001138,0.163841188,0.063320942,0.030990532,0.019040640,0.060053956,0.000061389,0.000000650,0.000000616,0.086110495,0.033115782,0.166598588,0.195228457,0.007251249,0.121635303,0.319534391,0.061790705,0.038207017,0.033432033,0.282396615,0.129154742,0.007629185,0.015234974,0.000155913,0.000494758,0.128997341,0.004208128,0.002326418,0.001160108,0.003952791,0.001093500,0.000785471,0.001602188,0.000173369,0.020898527,0.026458064,0.030749675,0.010936094,0.012957406,0.003390476,0.057050169,0.090947494,0.003132015,0.007943516,0.000033520,0.000023704,0.000799111,0.000594350,0.000152705,0.000197865,0.000001203,0.000002447
0.000001999,0.110841796,0.041825004,0.048736565,0.020563129,0.086937957,0.000087542,0.000000667,0.000001055,0.071208686,0.028920300,0.053736482,0.062420275,0.005540908,0.171222568,0.356703609,0.045435838,0.124119841,0.130116135,0.278141916,0.145714447,0.009829438,0.017602531,0.000172855,0.000586117,0.129888803,0.003816131,0.002528443,0.002476000,0.001686889,0.001843486,0.001714419,0.000829025,0.000344217,0.023795841,0.041307006,0.055415254,0.009353632,0.006358146,0.001205334,0.087977968,0.134212375,0.004453321,0.007169183,0.000040073,0.000018984,0.000878401,0.000975969,0.000223836,0.000148763,0.000001605,0.000003265
0.000001358,0.111574568,0.045627840,0.048348125,0.024791881,0.079738773,0.000010277,0.000000183,0.000000808,0.083313882,0.055937063,0.063729912,0.075896427,0.006548732,0.151584715,0.362659276,0.055093270,0.119878806,0.110774621,0.284471989,0.168762073,0.009401192,0.010344309,0.000023213,0.001139306,0.019175773,0.000308560,0.002209090,0.003289572,0.002399290,0.000417847,0.000573647,0.000213174,0.001247531,0.000359550,0.000392553,0.034984995,0.010387816,0.067153975,0.001744899,0.163895130,0.080897078,0.027739406,0.001685300,0.000008097,0.000005274,0.000163914,0.001100015,0.000003311,0.000002557,0.000001043,0.000000862
0.000001104,0.143655971,0.052439734,0.041456029,0.021390092,0.078260019,0.000008515,0.000000174,0.000000586,0.067204811,0.043659329,0.072806977,0.088457890,0.011898406,0.117101260,0.256773293,0.064824261,0.105686247,0.094958737,0.261526555,0.110089146,0.010716928,0.013456121,0.000019064,0.000788996,0.013360281,0.000292377,0.001220286,0.001647599,0.003037213,0.001349181,0.001449381,0.000138756,0.000784913,0.000355613,0.000312240,0.030640895,0.013144779,0.042848911,0.002197986,0.144960254,0.051888902,0.045282084,0.002300789,0.000009209,0.000006892,0.000336858,0.001039734,0.000003824,0.000004603,0.000001076,0.000000769
0.000001130,0.104814187,0.043433268,0.045832891,0.034234449,0.097044788,0.000054147,0.000000522,0.000000984,0.050621953,0.017139355,0.052092761,0.063676104,0.010214420,0.093214221,0.290931255,0.079624727,0.123074628,0.125124156,0.212240458,0.086659163,0.014076677,0.032495201,0.000131149,0.000560873,0.117278680,0.005323882,0.001910923,0.001775928,0.002611139,0.000437979,0.000498912,0.001807868,0.000385696,0.030450564,0.040145237,0.017163897,0.006197470,0.047462236,0.002531524,0.109224722,0.177232578,0.002901371,0.004047315,0.000005751,0.000003723,0.000150012,0.000559101,0.000074818,0.000057503,0.000001934,0.000002056
0.000001600,0.107974954,0.031783346,0.085796408,0.025335789,0.106884442,0.000081561,0.000000673,0.000001298,0.062410858,0.013541591,0.048048560,0.047893293,0.005961524,0.128036663,0.358158886,0.059434049,0.135290071,0.153426185,0.178812429,0.107755631,0.009888400,0.036835968,0.000220163,0.000288381,0.119038329,0.006700184,0.001804413,0.002861552,0.001275619,0.001371878,0.001582051,0.001036393,0.000797130,0.040486176,0.066945978,0.040540781,0.008426070,0.006638533,0.000465652,0.073749065,0.166052327,0.002373192,0.004982627,0.000037256,0.000018330,0.000715748,0.001356512,0.000244049,0.000142306,0.000001764,0.000003306
0.000001615,0.107028641,0.031414010,0.087249309,0.025765449,0.107202508,0.000081904,0.000000679,0.000001321,0.061044049,0.013754669,0.048747919,0.048911192,0.005927672,0.128422111,0.359637588,0.059478935,0.133393526,0.151238695,0.176031798,0.109246016,0.010036860,0.036870252,0.000219771,0.000292810,0.120508499,0.006695666,0.001814569,0.002857459,0.001234989,0.001471929,0.001710521,0.001031792,0.000891762,0.040324882,0.066512287,0.039503783,0.008406564,0.006588314,0.000399941,0.075408503,0.167538032,0.002408843,0.004965437,0.000036325,0.000017834,0.000721454,0.001400270,0.000242267,0.000139650,0.000001757,0.000003365
0.000001113,0.163027525,0.042576022,0.040580850,0.014130907,0.092359200,0.000049446,0.000000363,0.000000893,0.086463250,0.027707102,0.083972752,0.095250510,0.002460594,0.269741714,0.511511505,0.031513471,0.087508775,0.083451755,0.303169131,0.169214189,0.008355590,0.017955570,0.000165311,0.000558462,0.121643260,0.005170451,0.002645396,0.001876849,0.001623350,0.000376582,0.000431143,0.001648531,0.000579591,0.014421871,0.024195166,0.015677057,0.004378028,0.039048091,0.001202526,0.073358081,0.220514745,0.001449319,0.001925522,0.000007353,0.000004246,0.000191058,0.000688505,0.000028019,0.000023331,0.000001220,0.000001777
0.000001896,0.214185357,0.111136094,0.017343445,0.010118886,0.036128625,0.000013433,0.000000248,0.000001115,0.068167277,0.038890135,0.045689315,0.057736296,0.003884833,0.182972580,0.505920351,0.054081399,0.168119609,0.153853834,0.335646361,0.149412915,0.011224936,0.014767199,0.000020591,0.001171896,0.033215273,0.000927713,0.003295500,0.003157987,0.004689946,0.000201951,0.000319611,0.000207018,0.000405103,0.000418974,0.000473451,0.028803881,0.010401481,0.159021124,0.009582496,0.437854737,0.362951547,0.041558221,0.001159236,0.000001649,0.000001126,0.000041543,0.000789459,0.000000744,0.000000575,0.000000898,0.000000879
0.000001490,0.194763184,0.088837393,0.020635523,0.010199692,0.043071706,0.000013421,0.000000226,0.000000886,0.060498826,0.035298143,0.039312981,0.050313447,0.004748004,0.158264294,0.457283616,0.059769228,0.189631686,0.171859801,0.322592795,0.134343430,0.012055341,0.016046025,0.000024376,0.001233433,0.030134108,0.000825953,0.003247855,0.002411629,0.007391726,0.000181819,0.000233057,0.000236912,0.000233725,0.000554823,0.000536187,0.033894885,0.014435288,0.118488185,0.017095346,0.334640026,0.298858255,0.028913574,0.000866565,0.000002827,0.000002085,0.000061454,0.000532049,0.000000669,0.000000650,0.000000858,0.000000787
0.000000879,0.221115753,0.125558361,0.015133841,0.011577953,0.032004494,0.000009001,0.000000200,0.000000644,0.050997116,0.029790116,0.047341112,0.057977829,0.006060860,0.148571327,0.405774117,0.057219423,0.152772844,0.144159719,0.244351894,0.130799338,0.014192185,0.019428585,0.000031857,0.000695540,0.021477593,0.001382704,0.002887579,0.002068708,0.003465181,0.000054394,0.000077250,0.001026477,0.000098660,0.000615746,0.000673734,0.013123531,0.003306182,0.447151691,0.074773461,0.091599278,0.099572405,0.008827440,0.001215624,0.000001969,0.000001448,0.000039130,0.000426353,0.000001715,0.000001278,0.000001506,0.000000556
0.000000813,0.150474280,0.067912415,0.019848537,0.028246500,0.072297558,0.000044374,0.000000347,0.000000807,0.047162574,0.014777456,0.043021232,0.052334756,0.002154284,0.189222351,0.551958323,0.044955697,0.132362530,0.129115298,0.179409787,0.111285478,0.015006640,0.029094400,0.000207068,0.000526925,0.117664158,0.005649555,0.002067867,0.002673411,0.002626100,0.000056601,0.000068908,0.006829994,0.000493446,0.025979728,0.035689183,0.009539383,0.002912436,0.135177568,0.003263394,0.032284103,0.105175234,0.000711325,0.003155758,0.000007876,0.000005266,0.000086907,0.000415108,0.000079189,0.000061782,0.000001770,0.000001415
0.000000837,0.136900872,0.059275087,0.018305914,0.029529005,0.084408946,0.000047146,0.000000363,0.000000731,0.053245921,0.019521767,0.033721738,0.042573269,0.002842075,0.141408533,0.518977880,0.059590083,0.159290254,0.150668621,0.215578184,0.122705847,0.013481352,0.021215538,0.000213667,0.000545956,0.114170320,0.005207970,0.001932804,0.002813677,0.003099276,0.000055781,0.000064013,0.006911394,0.000497514,0.027738776,0.036961086,0.010776793,0.003344976,0.108097024,0.003156802,0.029931119,0.097136274,0.000692841,0.003430256,0.000010687,0.000007298,0.000099644,0.000407548,0.000093282,0.000073982,0.000001808,0.000001449
0.000001097,0.139789209,0.058578890,0.045851834,0.018772762,0.067171626,0.000046172,0.000000606,0.000000599,0.079751760,0.027996494,0.047511652,0.057153106,0.002055319,0.225848272,0.537931323,0.037933879,0.123728558,0.122147121,0.270382047,0.120058000,0.008698612,0.015485849,0.000165929,0.000453334,0.068879277,0.003406808,0.001318956,0.001584057,0.002681079,0.000587793,0.000413823,0.002215585,0.000083132,0.013005699,0.022331722,0.029740272,0.004099075,0.037395865,0.011700490,0.035151426,0.042663634,0.003015461,0.008102578,0.000026815,0.000012722,0.000658516,0.000381763,0.000120529,0.000109648,0.000001966,0.000001949
0.000000970,0.176558092,0.077603325,0.030716076,0.014410563,0.050586373,0.000027402,0.000000476,0.000000582,0.058386490,0.021634376,0.072816864,0.082683407,0.001935927,0.227261797,0.552112341,0.039630812,0.089499258,0.088136539,0.236155063,0.104795061,0.011017513,0.022276906,0.000088799,0.000494167,0.035219550,0.001419519,0.001327790,0.000985592,0.003481630,0.002061131,0.001364667,0.000566876,0.000144286,0.003376182,0.004154440,0.024356611,0.006675526,0.030608943,0.005923264,0.068864301,0.040220622,0.008680153,0.005236325,0.000017713,0.000010026,0.000949265,0.000488324,0.000024273,0.000029078,0.000001182,0.000001544
0.000000896,0.203057230,0.070741057,0.022970924,0.007565221,0.048655123,0.000038088,0.000000582,0.000000661,0.069868594,0.027586022,0.088116474,0.106168158,0.002681172,0.293329567,0.456124425,0.027675696,0.083694778,0.075188451,0.273786932,0.121425092,0.009750757,0.018186366,0.000148396,0.000758471,0.103324033,0.003656659,0.001862412,0.000808304,0.002037013,0.001510990,0.001118242,0.002656446,0.000174239,0.015541065,0.022702307,0.009638421,0.003008462,0.072620615,0.003844972,0.049944952,0.057902623,0.002880273,0.006637618,0.000007205,0.000004149,0.000554266,0.000540465,0.000067150,0.000068251,0.000001470,0.000001724
0.000000877,0.184330836,0.069495089,0.021751568,0.015155696,0.068513431,0.000060365,0.000000513,0.000000645,0.068681724,0.030094882,0.081643172,0.097536191,0.001966176,0.345160365,0.511535406,0.023317151,0.084873751,0.080698602,0.239677563,0.152514532,0.009903234,0.017039780,0.000209480,0.000502475,0.085476257,0.004448991,0.001360535,0.000788341,0.003926056,0.001441260,0.001001577,0.001224356,0.000098023,0.035427876,0.047265559,0.017924292,0.007744789,0.029945616,0.006144681,0.082039826,0.112752847,0.002815633,0.004324922,0.000010266,0.000006411,0.000676602,0.000522880,0.000051415,0.000062962,0.000001506,0.000001820
0.000000999,0.185739428,0.079922535,0.020781495,0.016200857,0.058150344,0.000062635,0.000000441,0.000000676,0.080218710,0.040842239,0.106081642,0.121911332,0.001864485,0.427392334,0.494553447,0.016597269,0.066589125,0.064443186,0.234923899,0.187186331,0.009032379,0.012075723,0.000225078,0.000521430,0.099622242,0.004140392,0.001213313,0.000818406,0.002512037,0.001674729,0.001311323,0.001305390,0.000170828,0.042592566,0.058356240,0.019032734,0.008477556,0.018107316,0.002690108,0.058544360,0.103669353,0.002445703,0.006135736,0.000015544,0.000010287,0.000762925,0.000870816,0.000124262,0.000152862,0.000001745,0.000002152
0.000001107,0.174628273,0.072373889,0.022918835,0.017673166,0.065398082,0.000061081,0.000000368,0.000000720,0.072765775,0.036214069,0.098278046,0.113462530,0.001807593,0.469573349,0.496334523,0.014060591,0.072776556,0.071384609,0.231720358,0.177503943,0.010195207,0.013570011,0.000212650,0.000474478,0.100475445,0.004596469,0.001298085,0.001217172,0.002482860,0.000766490,0.000699989,0.001452984,0.000217383,0.034751125,0.051947944,0.021783117,0.008120591,0.020432316,0.002746135,0.063021667,0.130284905,0.002287948,0.005665566,0.000015166,0.000009813,0.000411188,0.000768004,0.000113527,0.000125707,0.000001728,0.000001906
0.000001230,0.187838748,0.060610339,0.029660285,0.020836666,0.093352079,0.000075675,0.000000746,0.000000642,0.065108195,0.027280847,0.084059596,0.103050828,0.001690891,0.248656690,0.564830542,0.036085714,0.072829776,0.063247815,0.207208648,0.127339691,0.010788119,0.017069902,0.000222489,0.000292652,0.096080959,0.006483829,0.000884062,0.000731951,0.002997956,0.002457920,0.001767947,0.001567736,0.000136327,0.043418113,0.052790336,0.020800048,0.009240150,0.013355336,0.003669289,0.050630361,0.095498271,0.003450735,0.011810317,0.000021444,0.000015610,0.001119335,0.000860283,0.000304908,0.000423472,0.000001993,0.000003029
0.000000848,0.208865151,0.099440470,0.010392679,0.017809302,0.061546832,0.000052051,0.000000382,0.000000657,0.050712325,0.020115176,0.090906091,0.106624417,0.001780089,0.334158659,0.510729611,0.022360273,0.071923181,0.068730250,0.180826440,0.140467182,0.012723894,0.023528332,0.000227168,0.000686446,0.067484140,0.001276987,0.001121875,0.001154906,0.002507665,0.003033167,0.002015185,0.001267893,0.000293478,0.018601112,0.026841918,0.023779113,0.006857802,0.011640633,0.001104999,0.028386720,0.033473544,0.001799465,0.006016663,0.000059131,0.000034401,0.002613867,0.001124657,0.000119996,0.000159855,0.000001260,0.000002022
0.000000737,0.191006541,0.084243178,0.015044105,0.017022114,0.057119451,0.000032905,0.000000294,0.000000530,0.069624506,0.029735595,0.134541884,0.155096665,0.003051084,0.294700325,0.419431031,0.025492933,0.052525189,0.047658831,0.207637608,0.145169809,0.009905371,0.017002970,0.000130468,0.000590216,0.052205402,0.001403671,0.001083582,0.001072628,0.002578783,0.001691884,0.001281344,0.001044878,0.000240074,0.009695712,0.013668729,0.017444968,0.006046072,0.025958337,0.002167636,0.044097882,0.050244894,0.003022397,0.004944848,0.000018984,0.000012223,0.000831962,0.000731297,0.000053458,0.000075786,0.000001239,0.000001429
0.000001197,0.150576308,0.075998053,0.018736949,0.014304190,0.061262667,0.000068945,0.000000672,0.000000672,0.090509586,0.040202472,0.055154365,0.064568773,0.005067634,0.176884234,0.376736075,0.046743717,0.122460611,0.124040172,0.311701536,0.174100474,0.007795079,0.012790187,0.000164903,0.000748154,0.084446438,0.002281635,0.001211646,0.001164734,0.002217652,0.005202451,0.003188975,0.000653351,0.000091811,0.020916780,0.034796756,0.034753431,0.005870916,0.010059556,0.003965733,0.077170596,0.075096369,0.005402428,0.008649577,0.000024294,0.000010876,0.002251341,0.000628908,0.000145148,0.000151059,0.000001591,0.000002446
0.000000900,0.201276705,0.061182681,0.018199228,0.010170628,0.089579687,0.000090488,0.000000849,0.000000777,0.080458410,0.022753885,0.110371292,0.120650835,0.003828773,0.205579057,0.400616556,0.038502671,0.065050870,0.063065149,0.252465039,0.135141924,0.008389016,0.022438066,0.000310714,0.000360613,0.092313655,0.004538020,0.000807717,0.001002235,0.001400923,0.016719339,0.009715346,0.000864248,0.000144701,0.061305359,0.103623860,0.027021136,0.005145479,0.004804150,0.001188816,0.030635294,0.043393824,0.002644793,0.012449126,0.000059433,0.000027154,0.010436681,0.001566083,0.000615480,0.000636636,0.000001869,0.000003297
0.000000939,0.189565286,0.052808437,0.023491148,0.010795855,0.097148381,0.000087545,0.000000795,0.000000754,0.084152512,0.026110418,0.119733937,0.133014202,0.003921249,0.221036583,0.389740884,0.035623450,0.060508255,0.057055391,0.264714301,0.133259878,0.008069431,0.020175271,0.000266387,0.000379131,0.089678653,0.004351107,0.000846151,0.000990199,0.001563072,0.016255783,0.009178503,0.000727818,0.000164187,0.051673681,0.084363461,0.028657373,0.005900177,0.004723722,0.001120645,0.041714389,0.055750776,0.003343456,0.011391824,0.000045731,0.000020995,0.008742251,0.001281184,0.000448434,0.000465190,0.000001756,0.000003117
0.000001096,0.212690204,0.076975696,0.011101976,0.012051935,0.079009891,0.000085834,0.000000519,0.000001064,0.094008774,0.022234596,0.080828600,0.084962107,0.002510973,0.271856785,0.489603251,0.029117107,0.089083716,0.092036635,0.255872548,0.179409802,0.007113247,0.021846177,0.000267716,0.000385174,0.149713844,0.013789385,0.001055027,0.001878908,0.001049091,0.001130855,0.001299284,0.001709824,0.000533873,0.086873718,0.148553118,0.013188881,0.003796697,0.018637719,0.000661059,0.042977657,0.164558038,0.001895198,0.007109126,0.000010157,0.000005436,0.000397810,0.000997693,0.000408657,0.000269730,0.000002210,0.000002824
0.000001012,0.216054797,0.065020710,0.016097557,0.005908632,0.066367522,0.000095017,0.000000445,0.000000559,0.110394187,0.078887507,0.196782321,0.222963676,0.004265811,0.355556339,0.338813812,0.018918728,0.041304857,0.033735789,0.302114606,0.247334599,0.006251778,0.007002831,0.000227978,0.000731026,0.191920325,0.005486667,0.001696342,0.000599475,0.002709330,0.011972194,0.007468857,0.000690377,0.000616743,0.052187897,0.056061313,0.012383902,0.012002713,0.002134626,0.000184632,0.040271144,0.132069573,0.002442293,0.007722706,0.000035466,0.000029287,0.003662382,0.001825915,0.000399829,0.000542514,0.000001120,0.000002680
0.000000501,0.049316544,0.026254093,0.096265078,0.035332233,0.083975621,0.000068464,0.000000293,0.000000407,0.647661865,0.618095994,0.686418056,0.704484582,0.026624532,0.193876594,0.191085190,0.026894525,0.005446397,0.004968206,0.470071495,0.501019478,0.000445623,0.000246873,0.000165629,0.001840410,0.180189416,0.002833314,0.001953972,0.001019411,0.003471782,0.001900362,0.001132721,0.001095018,0.000755289,0.039648909,0.059304152,0.017040659,0.009901662,0.006178556,0.000452262,0.033452734,0.127329245,0.001308100,0.004771614,0.000041887,0.000027327,0.001926340,0.000796185,0.000304450,0.000275196,0.000001827,0.000001021
0.000000689,0.082507022,0.041593850,0.072282083,0.022668874,0.061946977,0.000071190,0.000000286,0.000000433,0.635820270,0.657657146,0.688499153,0.701478958,0.011283850,0.324303746,0.320400238,0.015796041,0.006320312,0.004845313,0.532200217,0.559440851,0.000512688,0.000187549,0.000170638,0.001212078,0.165598199,0.003490108,0.002303516,0.001010672,0.003861050,0.002397517,0.001545606,0.000918605,0.000415339,0.035467546,0.058913983,0.017299997,0.011080585,0.006423658,0.000768701,0.043765936,0.145051107,0.001659169,0.004204766,0.000035096,0.000025316,0.001417962,0.001084476,0.000238897,0.000240729,0.000001618,0.000001228
0.000000556,0.137146041,0.063562095,0.037016347,0.008945590,0.043676186,0.000083432,0.000000337,0.000000468,0.396413356,0.383255661,0.368108213,0.390358746,0.007233579,0.336967111,0.325781226,0.020957200,0.023613973,0.023322111,0.446160257,0.518230498,0.001158710,0.000867489,0.000275045,0.000609682,0.151109800,0.005167847,0.001536966,0.000708838,0.002864153,0.014153996,0.007684673,0.000589956,0.000190083,0.091826349,0.135071233,0.014697080,0.009274321,0.003974034,0.000582768,0.030718956,0.090885781,0.001436239,0.003336174,0.000033429,0.000023456,0.006413017,0.002058622,0.000273915,0.000333473,0.000001388,0.000001661
0.000000551,0.139937401,0.067052551,0.033199113,0.008779387,0.041216295,0.000086909,0.000000330,0.000000474,0.409980655,0.397960275,0.376392543,0.400842100,0.008123402,0.319235742,0.310826957,0.021931086,0.023065824,0.022529628,0.475890219,0.515991092,0.001109890,0.000801944,0.000284963,0.000589226,0.151415974,0.005442967,0.001553483,0.000716732,0.002790289,0.015097884,0.008109295,0.000567244,0.000185373,0.095763318,0.143168464,0.015230575,0.009372137,0.003687178,0.000569718,0.029953567,0.092034549,0.001404139,0.003162424,0.000034877,0.000024233,0.007171101,0.002134423,0.000275565,0.000329801,0.000001425,0.000001640
0.000000738,0.107184187,0.026514702,0.049762633,0.013132364,0.119663872,0.000060647,0.000000588,0.000000518,0.217438847,0.142144963,0.162582114,0.195587143,0.006584626,0.194941461,0.341775745,0.045701537,0.054969076,0.045882139,0.381417483,0.347358555,0.002874817,0.004635659,0.000242346,0.000654608,0.120181076,0.003482428,0.001586590,0.000793115,0.002154472,0.005183681,0.003303948,0.001353871,0.000306914,0.045517586,0.067703791,0.014263934,0.006078908,0.009686762,0.000690972,0.037139308,0.066837519,0.001784360,0.004622301,0.000025309,0.000016266,0.001976106,0.001339906,0.000196075,0.000225391,0.000001334,0.000002472
0.000000609,0.155480668,0.067370079,0.014876706,0.017310532,0.081749111,0.000057004,0.000000607,0.000000516,0.121049590,0.049331836,0.118366748,0.140893683,0.012017855,0.081658535,0.287850022,0.099150814,0.064348556,0.059063654,0.317460835,0.244700611,0.005684500,0.013222422,0.000207792,0.000411323,0.104926273,0.005013002,0.001693113,0.000704322,0.003431516,0.003835230,0.002258448,0.000982971,0.000217553,0.039124068,0.052144632,0.013118022,0.005993872,0.012664429,0.001258521,0.047695961,0.075691730,0.001911138,0.003310491,0.000017704,0.000011702,0.001739116,0.000830193,0.000101524,0.000126211,0.000001041,0.000002193
0.000000526,0.195139468,0.065347455,0.009798938,0.009086912,0.079775773,0.000071033,0.000000526,0.000000504,0.142204776,0.061547227,0.183865309,0.206026748,0.004009411,0.168627769,0.444757760,0.056345999,0.043828622,0.036931146,0.326285571,0.322310597,0.004567278,0.010683210,0.000360060,0.000516239,0.093641303,0.002576770,0.001473443,0.000875095,0.004654392,0.004602410,0.002512957,0.000914598,0.000366723,0.046603952,0.061193328,0.014435209,0.009543006,0.005298645,0.000449447,0.031315722,0.053682458,0.001112318,0.002988417,0.000061673,0.000046274,0.003486418,0.001357486,0.000140167,0.000214207,0.000000732,0.000002334
0.000000831,0.163847074,0.079266466,0.013611491,0.026790064,0.068277217,0.000155973,0.000000646,0.000000621,0.110083871,0.029870274,0.142564580,0.160969600,0.003323149,0.212909058,0.455717564,0.040714454,0.050315004,0.046991039,0.267686069,0.221495241,0.006731487,0.017968774,0.000606061,0.000498501,0.122290157,0.003291055,0.001551151,0.001836341,0.013853534,0.004215914,0.001832667,0.000886543,0.000147033,0.126622617,0.136565134,0.047547475,0.023179250,0.000971586,0.001021054,0.024917407,0.036752015,0.001236557,0.007169930,0.000651124,0.000490331,0.011859842,0.001172311,0.000699237,0.001133938,0.000000891,0.000003507
0.000000696,0.121628545,0.055899624,0.014688534,0.032982849,0.092789076,0.000094288,0.000000430,0.000000707,0.094136231,0.029818591,0.071674787,0.077569187,0.006248992,0.146883503,0.358754426,0.053421110,0.098980770,0.110704273,0.240898430,0.286132693,0.007176624,0.018098211,0.000367740,0.000453668,0.153374404,0.005543665,0.002190708,0.001858463,0.005455491,0.001349400,0.000972157,0.000985335,0.000351912,0.100538343,0.117742091,0.023036981,0.012943309,0.003577203,0.000572876,0.031503230,0.082879342,0.000848890,0.002328685,0.000084609,0.000062595,0.001928721,0.001172567,0.000214452,0.000208600,0.000000970,0.000002402
0.000000605,0.119745970,0.055111580,0.013937283,0.036480479,0.093843535,0.000085615,0.000000420,0.000000691,0.093719028,0.024704035,0.064009733,0.069193840,0.009528541,0.116992891,0.296315789,0.063218825,0.108007617,0.126410842,0.231009185,0.241828129,0.007025244,0.021842342,0.000373307,0.000352314,0.143705666,0.006543321,0.001796194,0.001729677,0.004604134,0.001142527,0.000867470,0.001252425,0.000352142,0.122832417,0.144759059,0.019978445,0.011178527,0.004420600,0.000617150,0.025459222,0.069220416,0.000708499,0.002595851,0.000084865,0.000064925,0.001742275,0.001291399,0.000275217,0.000270823,0.000001109,0.000002185
0.000000560,0.113041036,0.029901301,0.030131688,0.034704734,0.182355642,0.000142478,0.000000621,0.000000800,0.065144442,0.009817379,0.103002310,0.109555811,0.002535483,0.216356814,0.500155210,0.040186223,0.068200104,0.072579183,0.176759616,0.127571583,0.010060834,0.050323825,0.000594063,0.000212509,0.130763501,0.009937823,0.001074538,0.001313995,0.007228208,0.003917307,0.002140807,0.000948014,0.000472013,0.228189617,0.225543424,0.020522274,0.016300581,0.001748536,0.000288472,0.021439051,0.041990981,0.000956841,0.004512656,0.000215436,0.000171836,0.006912821,0.001430713,0.000815961,0.000993201,0.000001141,0.000003066
0.000000638,0.073202141,0.017491674,0.034713071,0.048011664,0.238421634,0.000151787,0.000000594,0.000000941,0.071014911,0.010689436,0.104972363,0.106860407,0.002126360,0.258206636,0.544759393,0.035249539,0.074168175,0.077517785,0.174520820,0.140045002,0.009100525,0.053544797,0.000473341,0.000391272,0.203865305,0.012535295,0.001229691,0.001965344,0.007376981,0.002918819,0.002015977,0.000854325,0.001170149,0.190481648,0.173411936,0.015291256,0.014665094,0.001833978,0.000111026,0.024028882,0.064652979,0.001197191,0.004608038,0.000134488,0.000106322,0.002967783,0.001465314,0.000666325,0.000622890,0.000001245,0.000003449
0.000000561,0.060915839,0.013782778,0.051632129,0.072463669,0.276555687,0.000349097,0.000000385,0.000001144,0.103624403,0.017434388,0.114842556,0.114834607,0.003166948,0.317521214,0.438603818,0.026265983,0.070695110,0.076950200,0.224874780,0.193550706,0.006719306,0.037711114,0.000998369,0.000975269,0.249050677,0.004797532,0.001053871,0.007089732,0.011885384,0.003803043,0.001996083,0.000482361,0.006957207,0.353292376,0.331113607,0.047798079,0.032213166,0.000332281,0.000009376,0.015815927,0.038769469,0.000523787,0.002103166,0.001920022,0.001123958,0.028237509,0.002631757,0.000762968,0.000534907,0.000001239,0.000003429
0.000000677,0.020614689,0.008578239,0.102029808,0.134576455,0.271364003,0.000252038,0.000000478,0.000000850,0.082518160,0.022598634,0.051334430,0.047353741,0.003624390,0.321539670,0.410692126,0.023640856,0.160034850,0.177750170,0.165435448,0.296871573,0.007987352,0.034202728,0.000731611,0.000958178,0.330122203,0.004680080,0.001969056,0.010069072,0.009937588,0.002836555,0.001596218,0.000831413,0.004397772,0.146374732,0.164295033,0.059897557,0.020356799,0.000354357,0.000017050,0.009772699,0.029008277,0.000491056,0.002153941,0.003046740,0.001346795,0.022944771,0.001740567,0.000894770,0.000424369,0.000001045,0.000003120
0.000000592,0.013386437,0.008242725,0.132312432,0.173811570,0.243714169,0.000173503,0.000000592,0.000000491,0.076363184,0.034828704,0.056808498,0.056888670,0.008546468,0.244155854,0.260662109,0.028095178,0.142031357,0.169475153,0.116872221,0.270207137,0.008368387,0.027103683,0.000473815,0.000563588,0.324935347,0.007831819,0.002321553,0.004631938,0.031179026,0.002751238,0.001339663,0.001149725,0.001083564,0.157478437,0.124289855,0.036240652,0.029973840,0.000767547,0.000112341,0.013749354,0.024018027,0.000850205,0.003083466,0.001373203,0.001003160,0.010658065,0.001105303,0.000716143,0.000655558,0.000001000,0.000002282
0.000000584,0.011687567,0.006997908,0.145316675,0.179702148,0.269430786,0.000227630,0.000000588,0.000000538,0.088671036,0.042157885,0.052744672,0.053482432,0.009883196,0.233191252,0.254735619,0.030491699,0.162035331,0.184932694,0.141594842,0.298613071,0.007880822,0.023788720,0.000617336,0.000547079,0.326179504,0.009266892,0.001982647,0.006993035,0.032630593,0.002453642,0.001148307,0.001118089,0.000906791,0.213894621,0.195862174,0.053317904,0.030084632,0.000591517,0.000132864,0.011401903,0.022356194,0.000730465,0.002649827,0.002406363,0.001565810,0.015123347,0.001141126,0.000893037,0.000724315,0.000001213,0.000002367
0.000000726,0.025030376,0.028950213,0.064604886,0.159220904,0.083725668,0.000015909,0.000000490,0.000000278,0.089931801,0.091399014,0.084345944,0.085718311,0.006932523,0.246130005,0.367105722,0.036413085,0.114562027,0.139009461,0.120260201,0.510902047,0.007996146,0.011857362,0.000053682,0.000166831,0.097575217,0.011972211,0.008389409,0.000650284,0.018337078,0.000111065,0.000111901,0.002511007,0.000028098,0.004939525,0.003399792,0.004824943,0.007720280,0.194671899,0.101307712,0.137909755,0.137889415,0.004112315,0.001706849,0.000002930,0.000005202,0.000032558,0.000356699,0.000012626,0.000027293,0.000000636,0.000000726
0.000000794,0.016868105,0.018751409,0.125896379,0.197290391,0.094149388,0.000007316,0.000000204,0.000000308,0.080786280,0.102291353,0.041600313,0.033812054,0.011201282,0.258207560,0.294866651,0.033756610,0.238376752,0.293556184,0.101163648,0.472418845,0.008815491,0.011182207,0.000021502,0.000117289,0.025669107,0.004233344,0.006394204,0.003333326,0.015254516,0.000047083,0.000066015,0.000668220,0.000010294,0.000485411,0.000395299,0.018201821,0.009477947,0.157918900,0.402199626,0.208263412,0.149838626,0.013947628,0.000558767,0.000006016,0.000008320,0.000028944,0.000463402,0.000002343,0.000003210,0.000000699,0.000000355
0.000000257,0.028686503,0.039498847,0.103036128,0.096114539,0.069730975,0.000006745,0.000000174,0.000000275,0.062816203,0.067094073,0.069380432,0.066414177,0.007488884,0.304825425,0.326407075,0.024549346,0.147588670,0.171628326,0.125854298,0.362097532,0.011204673,0.017915197,0.000058779,0.000277583,0.015147613,0.001407927,0.003318457,0.000682910,0.004195347,0.000084217,0.000075767,0.002429238,0.000037146,0.001624811,0.001340814,0.004415019,0.001884356,0.521070838,0.129739866,0.016151538,0.017292297,0.001321215,0.000572608,0.000006337,0.000006237,0.000152372,0.000464584,0.000004356,0.000004529,0.000001580,0.000000365
0.000000276,0.019964613,0.022854989,0.148309648,0.086413540,0.111856446,0.000009327,0.000000224,0.000000355,0.090825729,0.042325605,0.057428174,0.055487093,0.005379631,0.340215147,0.416909397,0.025457308,0.184716448,0.191142052,0.186915398,0.234996349,0.009476059,0.026975956,0.000108561,0.000148414,0.021898484,0.006263150,0.001799230,0.001152334,0.006073189,0.000013739,0.000015795,0.014991895,0.000066459,0.005587231,0.005450683,0.002096742,0.001107262,0.709788322,0.110719226,0.011661928,0.043161150,0.000498099,0.000844105,0.000002357,0.000002663,0.000024058,0.000371958,0.000015142,0.000014819,0.000002472,0.000000415
0.000000425,0.043663017,0.034734014,0.058844112,0.059712246,0.114975341,0.000011184,0.000000214,0.000000457,0.088687107,0.064388312,0.053009003,0.059613604,0.005242350,0.211011231,0.476414591,0.049075145,0.183564395,0.163004145,0.264808267,0.235333383,0.010492779,0.015081571,0.000083997,0.000205057,0.026370578,0.006343049,0.003821467,0.001313555,0.005902353,0.000008665,0.000013799,0.008575811,0.000082346,0.003698343,0.003421255,0.002362414,0.001593613,0.794899285,0.119025223,0.028290777,0.094009563,0.000707406,0.000466705,0.000001014,0.000001386,0.000009119,0.000560235,0.000004330,0.000004116,0.000002456,0.000000537
0.000000448,0.041980259,0.031245861,0.069912374,0.063460380,0.122468062,0.000010715,0.000000222,0.000000470,0.084506266,0.060216658,0.052418452,0.057094343,0.004616180,0.267394572,0.481219977,0.037481248,0.188863158,0.173317641,0.240702495,0.231178805,0.010965543,0.016336549,0.000082193,0.000156986,0.022432944,0.006606214,0.003225439,0.001234024,0.004484798,0.000016299,0.000025728,0.006605785,0.000057646,0.003275323,0.003284249,0.002656151,0.001408732,0.760401011,0.141089320,0.028434483,0.073274165,0.000869849,0.000500239,0.000001110,0.000001389,0.000012717,0.000693064,0.000004538,0.000004114,0.000002746,0.000000557
0.000000483,0.107845195,0.065191761,0.063974857,0.022781769,0.051478311,0.000008796,0.000000192,0.000000536,0.065524563,0.040218376,0.044814635,0.049239591,0.006258368,0.154861748,0.471749365,0.071965255,0.195008710,0.185476497,0.248736024,0.170589924,0.014073779,0.020016197,0.000068914,0.000129887,0.013410747,0.005724282,0.002525784,0.002235267,0.005339138,0.000007201,0.000011576,0.004808445,0.000075623,0.001501983,0.001725762,0.004516570,0.001735912,0.795733929,0.178661779,0.024567870,0.049801674,0.001510739,0.000563899,0.000001695,0.000001983,0.000011549,0.000616399,0.000003448,0.000002408,0.000002665,0.000000454
0.000000642,0.122653969,0.065347269,0.039077427,0.019754305,0.061730925,0.000015909,0.000000278,0.000000770,0.110250570,0.089888662,0.049891304,0.061218020,0.004209713,0.189018905,0.559780836,0.063709490,0.188883632,0.144731343,0.383817941,0.200739145,0.008163052,0.009797926,0.000146569,0.000262260,0.023036784,0.008857784,0.001852758,0.003280487,0.003792628,0.000005244,0.000010510,0.016655406,0.000083755,0.005988164,0.010362606,0.003170821,0.000935134,0.898223698,0.151087150,0.033901967,0.131963268,0.000727944,0.000657216,0.000000563,0.000000511,0.000003682,0.000586842,0.000006612,0.000003165,0.000005163,0.000000799
0.000000461,0.184653893,0.086474150,0.029883368,0.011825323,0.043348365,0.000012880,0.000000151,0.000000515,0.157381549,0.107447542,0.097274855,0.114975661,0.003727519,0.293113530,0.504654050,0.032568112,0.096574925,0.080710426,0.308024645,0.297863692,0.004553072,0.007082086,0.000113769,0.000478677,0.026808128,0.003649351,0.001643770,0.003284291,0.003187364,0.000007866,0.000013280,0.006371656,0.000260299,0.003832438,0.006893769,0.007301578,0.001746486,0.695399165,0.027254516,0.029299933,0.123330913,0.000775547,0.000812439,0.000001350,0.000000969,0.000010703,0.000390305,0.000003578,0.000002079,0.000002445,0.000000544
0.000000757,0.247934878,0.137055784,0.012877457,0.007563911,0.023642464,0.000033105,0.000000229,0.000000406,0.476112813,0.582269728,0.599511564,0.621021509,0.007735286,0.361302704,0.346367687,0.021084884,0.010706503,0.007251211,0.500260234,0.524942696,0.000828045,0.000275571,0.000132031,0.000477673,0.067531526,0.004095812,0.002157886,0.001176331,0.003431857,0.000629467,0.000558443,0.001668556,0.000146044,0.012452197,0.020818805,0.018067956,0.008620628,0.075168401,0.006216238,0.056155909,0.071071200,0.002272599,0.002947665,0.000011718,0.000009076,0.000257231,0.001153750,0.000027416,0.000031701,0.000001458,0.000000825
0.000000799,0.337759316,0.257582575,0.009170554,0.003862072,0.009300275,0.000027090,0.000000225,0.000000463,0.621909618,0.596774518,0.601629376,0.635426998,0.009668098,0.418896198,0.418546110,0.009166832,0.008160431,0.007947448,0.621398389,0.536846757,0.000490055,0.000220197,0.000093983,0.000588794,0.062439896,0.004036969,0.001824937,0.001488374,0.003431860,0.000656091,0.000555050,0.001006468,0.000116430,0.007017741,0.015374485,0.023162961,0.007179400,0.068370916,0.009906586,0.070371270,0.114372611,0.004375966,0.004207757,0.000008562,0.000005186,0.000271397,0.000621138,0.000028517,0.000030779,0.000001736,0.000000584
0.000000786,0.325380713,0.251861453,0.007981762,0.004058571,0.009372442,0.000027758,0.000000212,0.000000478,0.605728388,0.582987726,0.587495804,0.622233987,0.009950018,0.413797051,0.413400918,0.009405207,0.008830636,0.008745941,0.606009126,0.534659505,0.000516144,0.000238258,0.000098059,0.000636265,0.067493394,0.003903414,0.002051831,0.001529737,0.003550083,0.000586777,0.000504574,0.001039084,0.000141586,0.007365163,0.015560943,0.022843445,0.007612095,0.063748442,0.007784859,0.070765384,0.124976099,0.003788109,0.003801959,0.000009090,0.000005545,0.000261902,0.000646347,0.000026130,0.000027259,0.000001598,0.000000569
0.000000639,0.135970190,0.104262315,0.022699906,0.013138799,0.027895316,0.000063565,0.000000378,0.000000369,0.230415404,0.241932884,0.161708310,0.174781159,0.004439500,0.423678100,0.401083469,0.015701160,0.063463777,0.074518204,0.455937624,0.634872913,0.002190645,0.001919483,0.000341092,0.000145324,0.044824481,0.005351425,0.001091764,0.001125362,0.001886218,0.006612607,0.003961123,0.000613041,0.000080809,0.034161180,0.068636797,0.035582684,0.007953969,0.007624136,0.002036874,0.020085443,0.048559397,0.001071356,0.002517335,0.000090935,0.000039950,0.006169714,0.001964700,0.000074013,0.000073384,0.000001578,0.000001648
0.000000915,0.282773793,0.169158027,0.003274628,0.005028524,0.020392474,0.000023123,0.000000245,0.000000325,0.228400618,0.245230854,0.116635032,0.146074891,0.005130664,0.404905438,0.408811033,0.021550005,0.099206321,0.085299611,0.573608816,0.559846878,0.002367599,0.001743180,0.000084916,0.000563159,0.053089596,0.002837009,0.002995047,0.001066425,0.002804283,0.000582467,0.000534008,0.001136753,0.000284038,0.003037380,0.004940179,0.009238173,0.003392896,0.160554662,0.004046207,0.061637532,0.072855994,0.004642489,0.003150841,0.000004381,0.000002615,0.000193064,0.000665147,0.000010489,0.000011144,0.000000883,0.000000619
0.000001275,0.269489646,0.163745835,0.003446492,0.006786591,0.025930993,0.000034867,0.000000465,0.000000504,0.122095831,0.082451567,0.023740357,0.030184884,0.013822741,0.103047080,0.274322063,0.082068190,0.268255085,0.243455455,0.471463203,0.370547920,0.004310875,0.006174748,0.000116618,0.000608198,0.058908343,0.002713958,0.001859153,0.001950621,0.001734734,0.000792722,0.000734002,0.001389390,0.000516533,0.006802899,0.011568789,0.021335114,0.004160424,0.063521944,0.001593024,0.081515767,0.082411118,0.004702905,0.004437922,0.000009565,0.000004323,0.000359760,0.000602204,0.000025546,0.000018774,0.000001194,0.000001117
0.000001187,0.230247766,0.140163124,0.004689072,0.009219895,0.028319256,0.000052418,0.000000710,0.000000404,0.122226760,0.076442443,0.021323627,0.026996909,0.017410362,0.068825535,0.242590219,0.111434616,0.278207183,0.253790438,0.475287348,0.347586453,0.004266940,0.006321219,0.000163013,0.000526857,0.089465715,0.004477040,0.002223847,0.001149708,0.004498920,0.001106930,0.000735014,0.001692708,0.000190817,0.017789219,0.022266107,0.019673647,0.007101467,0.031583127,0.003244539,0.076004818,0.086778350,0.003674757,0.005462045,0.000015442,0.000008785,0.000650830,0.000457209,0.000046341,0.000044935,0.000001041,0.000001403
0.000000750,0.271661967,0.202095181,0.001817460,0.006908904,0.022161735,0.000027745,0.000000345,0.000000378,0.097256966,0.038081557,0.029972112,0.032562446,0.009606341,0.094794407,0.336257935,0.093762644,0.232859269,0.218936205,0.464276761,0.333395481,0.005871217,0.011957696,0.000110026,0.000780866,0.037844632,0.001079647,0.002323106,0.000851897,0.003639194,0.001692455,0.001043577,0.000658649,0.001064744,0.003474056,0.003614938,0.011113651,0.005717124,0.036567938,0.000545778,0.048538510,0.042958178,0.003923101,0.002571136,0.000019081,0.000011018,0.001352147,0.000564506,0.000011942,0.000012927,0.000000592,0.000000855
0.000000773,0.265733749,0.198599949,0.002395360,0.007225068,0.022322400,0.000026050,0.000000379,0.000000351,0.097569294,0.044267524,0.028249690,0.030888928,0.008537680,0.090061240,0.363754898,0.099694334,0.238440305,0.221930400,0.454554677,0.361352772,0.005919291,0.010371711,0.000105778,0.000674252,0.032950703,0.001071717,0.002044341,0.000796537,0.003739122,0.001921532,0.001143860,0.000594502,0.000774948,0.002921195,0.003025880,0.012341128,0.005897651,0.034463033,0.000779346,0.046574034,0.037172988,0.004584989,0.002698217,0.000021302,0.000012107,0.001544988,0.000567642,0.000011215,0.000012835,0.000000620,0.000000900
0.000000924,0.194404379,0.132875040,0.004947251,0.024842149,0.046186011,0.000012966,0.000000119,0.000000520,0.055579476,0.017734852,0.018191492,0.019861078,0.013973214,0.115072198,0.251389146,0.066822313,0.324201673,0.308963239,0.309938490,0.141473114,0.010924552,0.022770567,0.000045773,0.000509406,0.012291909,0.000511049,0.001466955,0.002517688,0.003613930,0.000443110,0.000429920,0.000313970,0.001328354,0.000710661,0.000708880,0.043186273,0.014125693,0.036430411,0.000963641,0.051386386,0.034305986,0.008746326,0.000969794,0.000041906,0.000023733,0.000653534,0.000944166,0.000001714,0.000001748,0.000000846,0.000000490
0.000001205,0.308759898,0.252260745,0.002051523,0.007846083,0.020050591,0.000011632,0.000000156,0.000000510,0.078086451,0.042338200,0.026577119,0.031743161,0.010052384,0.161378369,0.315472990,0.055594284,0.259888709,0.234588772,0.393759161,0.225833580,0.008305729,0.010638845,0.000032128,0.000742997,0.018135967,0.000942115,0.001973420,0.002184576,0.007141189,0.000189755,0.000205780,0.000382301,0.000644908,0.000578344,0.000546474,0.025293699,0.011175034,0.119258180,0.004596858,0.134915635,0.086944476,0.018024586,0.001442659,0.000007061,0.000004817,0.000124623,0.000564059,0.000001147,0.000001183,0.000000821,0.000000447
0.000001677,0.219823748,0.167214930,0.004984038,0.013900568,0.027818665,0.000012138,0.000000223,0.000000810,0.085087523,0.037955847,0.023251070,0.022802420,0.011643668,0.149573237,0.310836643,0.057216220,0.319034666,0.303111225,0.363479525,0.246616423,0.008103912,0.014813052,0.000028982,0.000951544,0.030448444,0.001563751,0.004170727,0.006072418,0.003690839,0.000054144,0.000099752,0.000630927,0.000695546,0.000515500,0.000848415,0.024785288,0.004180935,0.485010952,0.009429321,0.223128766,0.186529174,0.018790886,0.001151392,0.000001337,0.000000595,0.000023864,0.000414328,0.000000805,0.000000402,0.000001259,0.000000528
0.000000851,0.203270242,0.124092646,0.004881846,0.015814940,0.044784766,0.000011644,0.000000097,0.000000696,0.052009027,0.024429038,0.029097142,0.032970056,0.008149859,0.192934290,0.329734564,0.041538969,0.258572251,0.240664169,0.312958390,0.188295573,0.014099640,0.021230897,0.000046457,0.001087853,0.020022057,0.000734446,0.002770942,0.004690392,0.002300730,0.000030002,0.000049933,0.001036185,0.002268073,0.000696424,0.000909877,0.015402055,0.003946919,0.316326827,0.001805913,0.057727881,0.092833988,0.003914156,0.000827327,0.000005060,0.000003006,0.000051108,0.000599706,0.000001694,0.000001001,0.000001140,0.000000389
0.000001341,0.157204986,0.083662808,0.008673340,0.020696973,0.053553205,0.000018115,0.000000250,0.000000631,0.051326282,0.018848484,0.030178595,0.028953858,0.005300117,0.176013395,0.373051554,0.045627590,0.230952248,0.223283008,0.252090782,0.184009761,0.011424574,0.020736502,0.000072458,0.000771411,0.018443936,0.000314702,0.002051892,0.002177533,0.001536031,0.001100911,0.001130179,0.000592722,0.002987517,0.000901505,0.001209990,0.022267397,0.007135110,0.029519966,0.000274307,0.034688536,0.014100229,0.008182498,0.005562047,0.000070353,0.000041289,0.000976702,0.001612075,0.000031215,0.000027205,0.000000909,0.000000997
0.000001220,0.156613544,0.087809905,0.008258642,0.021013886,0.049318146,0.000015808,0.000000192,0.000000678,0.051554725,0.021741066,0.030972507,0.028768715,0.005579981,0.200380877,0.350110561,0.038792763,0.228750572,0.222113162,0.228908509,0.179041713,0.012358785,0.018108949,0.000072561,0.001007726,0.014549813,0.000212530,0.001714537,0.002642481,0.001013275,0.001060129,0.001150878,0.000623097,0.005203876,0.000782785,0.001166468,0.019181753,0.004970085,0.042380638,0.000160058,0.028544646,0.010341967,0.007009123,0.005261444,0.000068088,0.000036766,0.001043545,0.001872921,0.000032956,0.000024223,0.000001117,0.000000870
0.000001899,0.261715293,0.168763012,0.001945413,0.011742648,0.030806296,0.000030961,0.000000338,0.000000761,0.052820735,0.017507834,0.038427629,0.035753880,0.014458545,0.120073624,0.220297977,0.058709167,0.199966207,0.198651224,0.285856694,0.177262932,0.011197376,0.022472391,0.000110594,0.000742820,0.014983989,0.000162265,0.001492046,0.002812650,0.000799624,0.016882559,0.015763789,0.000213485,0.002626369,0.001171622,0.001795162,0.059144836,0.011089874,0.003501250,0.000081599,0.039951682,0.007362957,0.011748975,0.010095380,0.000591786,0.000286627,0.010817163,0.006448340,0.000108034,0.000086098,0.000000828,0.000001601
0.000002227,0.195032164,0.083878987,0.008517696,0.009438665,0.054277357,0.000174716,0.000001167,0.000001233,0.047779508,0.017776426,0.046914101,0.049445096,0.010658247,0.099336676,0.264510304,0.072595581,0.149729505,0.147226974,0.258477896,0.145652503,0.011893658,0.024818808,0.000490758,0.000654112,0.118985794,0.001222243,0.001711847,0.003469183,0.000969276,0.033931434,0.027643882,0.000948681,0.001090720,0.044358380,0.078867182,0.058269169,0.010407981,0.001094036,0.000072041,0.027666178,0.020057334,0.002331364,0.021571273,0.000994359,0.000484085,0.026181681,0.008374756,0.003285825,0.002484619,0.000001456,0.000005195
0.000001756,0.157895461,0.068154931,0.012465392,0.026237335,0.065545380,0.000033911,0.000000561,0.000000937,0.047865003,0.016842892,0.033371612,0.034554623,0.014545952,0.080623403,0.231484056,0.080995873,0.194225013,0.199658036,0.222376555,0.151961297,0.011642555,0.025928948,0.000144320,0.000485348,0.023424128,0.000463687,0.001365635,0.002579059,0.000336963,0.007494915,0.008605896,0.000812295,0.002445620,0.003270149,0.006960795,0.042477295,0.005291916,0.013527878,0.000114703,0.027425908,0.006567829,0.005716368,0.011325138,0.000258119,0.000108872,0.004393433,0.006410287,0.000190001,0.000111714,0.000001654,0.000002261
0.000001985,0.129515141,0.071973905,0.019053919,0.028300256,0.057972193,0.000026111,0.000000718,0.000000748,0.055122927,0.018999053,0.040323567,0.039097846,0.015215248,0.064557523,0.244634479,0.107294321,0.171500698,0.185613587,0.274819791,0.204722196,0.010361071,0.024283938,0.000078418,0.000357505,0.025209114,0.000784266,0.001794393,0.001162091,0.000783540,0.015719481,0.014745342,0.000309191,0.001005249,0.001814565,0.002346365,0.036834296,0.008814903,0.009997735,0.000332317,0.060227741,0.016013401,0.014447642,0.008563810,0.000092401,0.000048977,0.003617037,0.003832662,0.000050842,0.000044386,0.000001102,0.000002453
0.000001114,0.170888886,0.087462880,0.012030521,0.025807986,0.066451535,0.000008764,0.000000213,0.000000758,0.038601898,0.019174295,0.048539929,0.058574725,0.010649296,0.113246627,0.301733941,0.070113204,0.147869855,0.138273522,0.219829485,0.118960425,0.016279986,0.028124548,0.000025891,0.000757372,0.013700156,0.000598395,0.001761683,0.002075562,0.001507991,0.000493734,0.000625594,0.000457942,0.001008604,0.000394555,0.000483050,0.023002543,0.004695585,0.218555480,0.002771112,0.108108975,0.036037840,0.026315538,0.002181329,0.000004850,0.000002507,0.000196445,0.000749705,0.000002286,0.000001635,0.000001252,0.000000632
0.000001126,0.177568138,0.090450004,0.012143365,0.024315201,0.065241054,0.000009163,0.000000225,0.000000783,0.040894758,0.018684953,0.050033778,0.060211539,0.009403608,0.110868812,0.328122258,0.073616803,0.143310770,0.133870393,0.226110816,0.119672202,0.015419512,0.028902153,0.000026780,0.000761652,0.013891596,0.000596637,0.001774170,0.002132067,0.001550462,0.000541020,0.000683342,0.000411925,0.000923485,0.000400113,0.000489282,0.024926955,0.004968344,0.199314803,0.002853207,0.113121562,0.037526790,0.027046116,0.002058340,0.000005182,0.000002641,0.000210195,0.000775718,0.000002103,0.000001509,0.000001210,0.000000679
0.000001300,0.105636314,0.060383916,0.027570447,0.046570506,0.082190059,0.000010911,0.000000286,0.000000540,0.051901523,0.034076672,0.036845535,0.045930967,0.010854881,0.101461083,0.310931444,0.081077777,0.180127516,0.169013023,0.248568431,0.179808050,0.013654933,0.016381988,0.000025539,0.000352770,0.020523855,0.001962932,0.001095630,0.001342324,0.002649129,0.000313620,0.000444716,0.000590632,0.001103799,0.000797260,0.000767080,0.009840536,0.005922234,0.246124044,0.003074601,0.160335481,0.098691277,0.025216641,0.003878477,0.000001587,0.000001246,0.000053188,0.000576431,0.000004306,0.000004999,0.000001574,0.000000702
0.000001778,0.086288385,0.042261548,0.036065824,0.054104794,0.107607417,0.000009351,0.000000259,0.000000895,0.081021376,0.035142709,0.036279168,0.043698017,0.009936171,0.091744579,0.355621070,0.093304783,0.181056529,0.180537388,0.304009408,0.186316296,0.009023373,0.015312516,0.000022524,0.000442001,0.014620698,0.001099276,0.001310728,0.003535367,0.000730401,0.000286335,0.000545072,0.000445947,0.003996475,0.000277148,0.000397117,0.020779993,0.003909038,0.185348779,0.000824059,0.113954641,0.075623289,0.035177011,0.004090281,0.000003943,0.000002002,0.000086934,0.001272293,0.000005120,0.000003310,0.000001818,0.000000841
0.000001168,0.152398780,0.087958328,0.015658099,0.026493011,0.047267705,0.000036567,0.000000567,0.000000741,0.071911603,0.033859365,0.050412204,0.059099361,0.012080827,0.055757012,0.305744052,0.126709491,0.119966701,0.119415112,0.227520853,0.179566219,0.008672819,0.014873532,0.000129996,0.000522712,0.101091564,0.004553152,0.001825489,0.001690257,0.001425442,0.000254357,0.000330033,0.003565904,0.000509446,0.013215736,0.019309796,0.015034167,0.004858713,0.064910218,0.002032214,0.052883033,0.109571412,0.002026474,0.006407186,0.000010322,0.000007062,0.000152640,0.000958800,0.000075359,0.000064807,0.000001703,0.000001876
0.000000877,0.105011880,0.042414390,0.016036144,0.046775583,0.107111014,0.000040606,0.000000524,0.000000744,0.031645700,0.011524662,0.062217649,0.076403126,0.024874074,0.044797275,0.170252666,0.128883779,0.101878628,0.100275435,0.169391528,0.078385442,0.017913224,0.044456057,0.000136323,0.000707593,0.083250836,0.001675030,0.001330861,0.001134608,0.000798099,0.001784469,0.001651343,0.002240559,0.000693232,0.013623486,0.020255830,0.019929999,0.004353731,0.019281419,0.000636737,0.026867546,0.040371213,0.002002840,0.009475365,0.000039757,0.000021323,0.001211550,0.001262865,0.000213867,0.000183160,0.000001624,0.000001984
0.000001092,0.100122839,0.038422972,0.024377009,0.046919364,0.113002174,0.000055585,0.000000703,0.000000858,0.042819507,0.014723778,0.052348107,0.063843958,0.013823085,0.080273747,0.229008034,0.080989487,0.114661455,0.120300770,0.168085262,0.089710593,0.013412098,0.035999607,0.000171745,0.000500779,0.110328369,0.003439306,0.001176341,0.001167949,0.000414798,0.003807682,0.003445635,0.002410229,0.000776681,0.022692349,0.044015996,0.020103155,0.002572737,0.019445151,0.000429223,0.025145043,0.043504655,0.002087970,0.014731722,0.000036101,0.000014668,0.001980534,0.001352244,0.000436331,0.000327639,0.000002415,0.000002735
0.000001104,0.104474060,0.043774109,0.020415148,0.038213402,0.093906924,0.000045078,0.000000797,0.000000793,0.038887791,0.017001869,0.037537120,0.043287601,0.052001629,0.029674979,0.093173087,0.163428620,0.161505327,0.176662967,0.169358775,0.107972376,0.013413727,0.034185044,0.000136136,0.000672345,0.116264008,0.002956066,0.001639452,0.001092516,0.000393535,0.003927214,0.003619530,0.002614964,0.000643188,0.018286599,0.032540407,0.018050596,0.002407450,0.025665065,0.000519500,0.027759865,0.040276211,0.002080043,0.012133166,0.000031527,0.000013180,0.001848157,0.001424102,0.000304961,0.000206287,0.000002035,0.000002387
0.000001130,0.125199512,0.059091683,0.021223167,0.025215125,0.061271772,0.000052896,0.000000825,0.000000723,0.087733753,0.051128030,0.090761043,0.105151385,0.006706222,0.113511220,0.348666072,0.068229638,0.073551990,0.071900137,0.252556533,0.254854411,0.006833103,0.012112128,0.000173378,0.000991131,0.137838811,0.002442207,0.001852725,0.001166828,0.000840544,0.002615528,0.002219751,0.002063473,0.000443738,0.017909870,0.029012462,0.019285247,0.003726462,0.017813021,0.000795388,0.036850326,0.059452783,0.002205831,0.010841778,0.000032060,0.000014907,0.001400796,0.001102684,0.000220027,0.000184028,0.000001557,0.000003169
0.000000682,0.087479174,0.070756391,0.035509232,0.026175912,0.038217850,0.000097674,0.000000297,0.000000574,0.595486760,0.657380223,0.677928507,0.689943075,0.011455826,0.275557131,0.268274188,0.019508580,0.005978525,0.005121462,0.442502946,0.522710800,0.000497410,0.000187147,0.000282849,0.002793957,0.145953447,0.001340704,0.001561366,0.001776707,0.002893638,0.003064500,0.001716548,0.000917470,0.000342391,0.064065218,0.101181664,0.045917984,0.018220754,0.002347518,0.000760781,0.034487557,0.102902956,0.001508655,0.007952502,0.000172004,0.000100779,0.005265366,0.001181836,0.000591031,0.000587469,0.000002051,0.000001517
0.000000519,0.196409628,0.120140068,0.009524280,0.006671556,0.019815810,0.000061500,0.000000171,0.000000653,0.499742895,0.651469052,0.653011441,0.654354513,0.014536016,0.444571525,0.479240179,0.002867883,0.008254967,0.005689497,0.559210360,0.537022471,0.000768616,0.000177730,0.000230378,0.003648198,0.218531087,0.002255661,0.002388510,0.001992194,0.002874975,0.001772517,0.001162810,0.001510217,0.000389218,0.059935540,0.108950257,0.023853404,0.009669938,0.004854989,0.000637326,0.019808302,0.115530960,0.000743718,0.004297200,0.000092534,0.000068427,0.003034048,0.001489947,0.000312127,0.000364708,0.000002004,0.000000709
0.000000988,0.336943150,0.150344253,0.006015949,0.003712715,0.023524631,0.000079060,0.000000277,0.000000429,0.476503104,0.467426568,0.549493313,0.576107621,0.010329879,0.250689149,0.272694767,0.028985174,0.011684231,0.009110807,0.518240690,0.523688912,0.000814853,0.000432844,0.000216459,0.001278584,0.129182085,0.002050999,0.002878825,0.001595501,0.003288435,0.003314958,0.002016315,0.000797096,0.000206983,0.023073154,0.041564774,0.039326407,0.012120096,0.004736279,0.001262487,0.047517575,0.078962535,0.002332733,0.005213568,0.000092258,0.000055330,0.002753975,0.001306338,0.000135158,0.000188632,0.000000738,0.000001297
0.000001643,0.293650776,0.189971611,0.007011486,0.006146778,0.015887311,0.000012029,0.000000135,0.000000557,0.250627607,0.305972278,0.157733381,0.194525898,0.007316930,0.231744185,0.353297889,0.038472153,0.058414835,0.049118645,0.367789984,0.376324892,0.002387198,0.001211373,0.000015256,0.001277701,0.027951911,0.000357588,0.003255809,0.002558146,0.004614117,0.000663204,0.000708653,0.000105571,0.000369127,0.000234533,0.000285819,0.071088128,0.017948903,0.035297569,0.005386977,0.385438621,0.215362862,0.069543302,0.001880984,0.000008260,0.000004310,0.000231326,0.000824260,0.000001494,0.000001363,0.000000464,0.000000554
0.000001600,0.289658189,0.174603239,0.006910114,0.006451775,0.018540138,0.000012680,0.000000144,0.000000567,0.240112305,0.287050515,0.155252874,0.195181400,0.006802916,0.197698832,0.382026404,0.047296669,0.057959754,0.047151964,0.379003018,0.346751362,0.002558842,0.001411656,0.000016184,0.001365062,0.028695336,0.000389103,0.003407213,0.002958297,0.005373002,0.000405206,0.000447939,0.000125337,0.000361841,0.000236432,0.000293970,0.069792300,0.017120361,0.044916864,0.006776968,0.381090492,0.237557724,0.062894404,0.001753600,0.000007111,0.000003788,0.000160542,0.000669858,0.000001495,0.000001268,0.000000494,0.000000578
0.000001658,0.223823383,0.128787667,0.010840407,0.012952822,0.026388163,0.000012415,0.000000211,0.000000605,0.139646724,0.190558061,0.076035760,0.098487064,0.012451041,0.087563656,0.298075855,0.093498908,0.104470223,0.093108214,0.318482071,0.307662815,0.004370640,0.003389843,0.000016150,0.001335949,0.025493894,0.000297982,0.003139875,0.002079911,0.003856316,0.001168059,0.001175068,0.000098766,0.000393310,0.000251455,0.000231841,0.092591375,0.025638023,0.017829120,0.004059694,0.319916606,0.203638822,0.058522902,0.001513276,0.000016788,0.000008728,0.000524523,0.000935882,0.000001328,0.000001219,0.000000544,0.000000924
0.000000647,0.267048627,0.149650931,0.011091909,0.007250782,0.021942338,0.000012470,0.000000101,0.000000358,0.150169730,0.130253166,0.143568397,0.169084311,0.004720705,0.214588642,0.400127023,0.038661219,0.058959991,0.047865082,0.341150939,0.298191011,0.004830239,0.004102985,0.000053624,0.001028360,0.014152274,0.000203385,0.002015583,0.001818088,0.002377412,0.000901487,0.000655764,0.000203685,0.000852055,0.000457580,0.000524912,0.041465856,0.008758066,0.016294824,0.001074055,0.032036152,0.030317830,0.006649003,0.001190899,0.000079326,0.000039686,0.001710956,0.000798987,0.000004803,0.000004936,0.000000637,0.000000704
0.000000547,0.157922029,0.097608782,0.024531316,0.016012933,0.034246512,0.000020794,0.000000206,0.000000283,0.146630153,0.108395964,0.098337114,0.112421297,0.007525375,0.113743864,0.358561486,0.070882291,0.078617036,0.075098529,0.309294134,0.322302788,0.004677103,0.005831723,0.000106975,0.000410833,0.017041927,0.000636624,0.000739991,0.001937189,0.004258362,0.000494754,0.000314534,0.000524508,0.000180308,0.002083898,0.002988156,0.053728491,0.008295708,0.009975887,0.004975134,0.016533433,0.028516000,0.002413847,0.002701549,0.000143341,0.000072898,0.001373783,0.000476839,0.000032474,0.000031854,0.000001102,0.000001085
0.000000632,0.105862163,0.047340885,0.051456079,0.025332874,0.071347080,0.000059890,0.000000340,0.000000373,0.101177417,0.051896472,0.097165138,0.109321371,0.006535127,0.159109548,0.307771385,0.043405004,0.070295572,0.072881393,0.238470197,0.164243028,0.006678126,0.010350553,0.000262879,0.001093108,0.070427649,0.000611659,0.001508498,0.001387692,0.009622308,0.000924983,0.000393557,0.001509756,0.000295262,0.019553252,0.020376358,0.040965937,0.016644478,0.002773164,0.001265328,0.013452939,0.026357353,0.000881414,0.005763974,0.000594671,0.000423320,0.005829948,0.000504008,0.000334769,0.000588555,0.000000959,0.000001699
0.000001268,0.138829008,0.057150062,0.039716050,0.018612880,0.060524296,0.000085499,0.000000858,0.000000641,0.105283238,0.080162995,0.180668220,0.196121976,0.002240770,0.191239834,0.529362679,0.047875885,0.037282806,0.033093136,0.289655477,0.245590627,0.006765503,0.007248002,0.000306214,0.000889444,0.080359794,0.000608645,0.002632217,0.000974437,0.003282700,0.012328712,0.006075210,0.000850457,0.000612650,0.011959008,0.013197746,0.036258273,0.016923089,0.001700662,0.000232320,0.027609887,0.017706590,0.002214065,0.009507493,0.000656853,0.000471072,0.018688953,0.002685997,0.000466636,0.000690860,0.000000749,0.000004161
0.000001083,0.147778511,0.055240050,0.037988290,0.015658267,0.062163081,0.000090671,0.000000698,0.000000559,0.113518558,0.089584179,0.161698461,0.179873616,0.002604305,0.184083298,0.505689383,0.049899731,0.042589307,0.036990833,0.287670523,0.248342872,0.006019808,0.006515128,0.000327992,0.001014612,0.080151983,0.000535371,0.002400167,0.001118198,0.004591583,0.010597893,0.004674755,0.000740356,0.000775484,0.013287427,0.014307156,0.038340192,0.019300507,0.001173737,0.000172218,0.028019849,0.021566363,0.001924540,0.008059563,0.000799028,0.000571277,0.022756388,0.002121210,0.000420472,0.000658231,0.000000641,0.000003435
0.000001145,0.092404373,0.050048891,0.046069086,0.027727270,0.069452330,0.000122765,0.000000621,0.000000700,0.114160083,0.056596387,0.111655369,0.117248505,0.001644028,0.292214125,0.577220559,0.031663321,0.064926714,0.066532098,0.264586359,0.260653287,0.006416054,0.010698548,0.000482039,0.000695423,0.099705249,0.000987743,0.001763888,0.001999230,0.005294933,0.005296904,0.002752998,0.000757569,0.000688410,0.027595401,0.033661067,0.057223871,0.020614123,0.000651657,0.000185607,0.022676762,0.038563877,0.001019992,0.006186391,0.001223823,0.000763025,0.015236348,0.002248279,0.000602107,0.000806099,0.000000835,0.000004035
0.000001306,0.144354314,0.058758479,0.039882157,0.013902875,0.049695559,0.000153155,0.000000611,0.000000925,0.113546595,0.074713305,0.162126914,0.180061758,0.004770697,0.153970763,0.410817981,0.059152935,0.043697093,0.040244851,0.252068728,0.227160633,0.006211127,0.009104060,0.000543170,0.001435403,0.101451151,0.000483256,0.002446494,0.003682769,0.007808545,0.004290554,0.002053356,0.000629200,0.000741494,0.026064254,0.032148838,0.152267933,0.049690302,0.000230468,0.000178333,0.030126598,0.056498561,0.001036152,0.005858526,0.004607424,0.002807131,0.038975142,0.002889860,0.000518474,0.000636884,0.000000689,0.000004332
0.000001314,0.212833703,0.099536955,0.018603971,0.014362441,0.031844120,0.000053454,0.000000490,0.000000646,0.113150440,0.102380797,0.127766088,0.155376226,0.006015693,0.090634473,0.405784041,0.095986679,0.052412156,0.042828564,0.275033057,0.181169629,0.006442979,0.005733301,0.000254355,0.000400953,0.025124820,0.000383550,0.001415705,0.002212282,0.002594983,0.006944048,0.004546176,0.000501161,0.000558884,0.004845306,0.006040731,0.110941581,0.030109165,0.001542787,0.000380655,0.025917858,0.010421274,0.002744205,0.005778020,0.002094047,0.001491353,0.014346542,0.006009201,0.000150512,0.000189272,0.000001034,0.000002989
0.000000527,0.088121340,0.063422658,0.041474126,0.037936062,0.045391884,0.000019501,0.000000205,0.000000402,0.073881567,0.044315696,0.131744027,0.130812243,0.004069804,0.092290878,0.489507139,0.097207494,0.058730319,0.055179242,0.238826334,0.247455284,0.010394401,0.014856062,0.000105771,0.000436746,0.015713669,0.000177397,0.002147429,0.001523805,0.009664210,0.000736500,0.000517494,0.000312896,0.001248070,0.001662245,0.001024251,0.027404586,0.035942160,0.006097262,0.000489716,0.023292184,0.014653889,0.002430816,0.001462073,0.000413741,0.000585800,0.002396622,0.001954492,0.000030831,0.000064992,0.000000467,0.000001171
0.000000712,0.097417913,0.070879146,0.080666900,0.034994941,0.033456720,0.000009546,0.000000204,0.000000284,0.109734304,0.096518241,0.136312962,0.146277711,0.004953746,0.095920175,0.461315274,0.094076008,0.057827964,0.052884456,0.254310757,0.244087681,0.007404984,0.007019260,0.000037039,0.000154836,0.008437281,0.000520231,0.001058157,0.001840353,0.021184120,0.000325986,0.000278443,0.000194397,0.000065782,0.000505452,0.000290312,0.071103744,0.059848599,0.014200354,0.031180080,0.052449677,0.026317665,0.016323091,0.001556189,0.000122126,0.000178286,0.000505134,0.001181965,0.000006958,0.000014246,0.000000820,0.000000929
0.000000706,0.091322236,0.066377796,0.085213237,0.036568057,0.035641506,0.000009667,0.000000212,0.000000274,0.110658713,0.095390320,0.134955421,0.143775299,0.004814608,0.097423136,0.464122742,0.092686228,0.058218624,0.053402025,0.254032671,0.239837140,0.007305450,0.007015239,0.000037984,0.000150320,0.008044740,0.000514177,0.001016276,0.001706623,0.021869617,0.000374530,0.000305856,0.000194641,0.000061990,0.000508870,0.000287036,0.071447931,0.061762504,0.013130190,0.031952720,0.048384931,0.023376388,0.016527232,0.001673794,0.000138343,0.000202504,0.000585969,0.001154066,0.000007549,0.000015901,0.000000834,0.000000938
0.000001011,0.081861727,0.066915601,0.082953788,0.029952805,0.030215012,0.000013165,0.000000304,0.000000345,0.101220109,0.130520418,0.155534238,0.167290837,0.006558912,0.083091862,0.415764540,0.109101705,0.050966237,0.046245228,0.253116220,0.277519673,0.007601685,0.005624281,0.000026714,0.000364471,0.012315788,0.000284334,0.001281698,0.001578453,0.035451688,0.001151157,0.000839869,0.000082542,0.000048972,0.000473105,0.000221856,0.111591138,0.141843602,0.004269300,0.031016901,0.180525556,0.056956850,0.050001301,0.002121662,0.000154901,0.000234193,0.000892695,0.001169126,0.000005610,0.000012623,0.000000549,0.000001282
0.000000580,0.045317087,0.043322571,0.098708823,0.056383986,0.056340009,0.000008445,0.000000230,0.000000214,0.113980226,0.123549722,0.118959568,0.120150730,0.005718246,0.165641129,0.388651103,0.053540636,0.072250515,0.073326401,0.246210843,0.334497690,0.006446868,0.005442302,0.000029507,0.000271942,0.008151971,0.000453267,0.000718393,0.000634462,0.017364871,0.001382407,0.000899884,0.000139270,0.000039636,0.000713843,0.000341642,0.041767392,0.055815186,0.016100336,0.039429858,0.064529262,0.022551712,0.026768956,0.002048324,0.000048915,0.000066556,0.000794220,0.000786919,0.000005332,0.000013780,0.000000952,0.000000781
0.000000723,0.073336080,0.076477297,0.062488399,0.026563331,0.027822552,0.000053191,0.000000528,0.000000561,0.112055831,0.073587596,0.160246044,0.160034269,0.002759540,0.137297347,0.515673697,0.065534376,0.040900826,0.042468775,0.192761526,0.266027659,0.006322043,0.008690087,0.000251920,0.000761708,0.072504446,0.000500500,0.001844368,0.002424204,0.007505365,0.001612680,0.000964390,0.001098774,0.000853474,0.016947858,0.017986659,0.036480874,0.026009576,0.003625189,0.000344060,0.040845431,0.019896410,0.002111820,0.005445709,0.000351471,0.000311737,0.002800356,0.001078368,0.000432815,0.000673777,0.000000630,0.000002258
0.000002510,0.112578548,0.071073413,0.048828721,0.017230419,0.040375464,0.000173212,0.000001052,0.000001070,0.108669214,0.065360561,0.173539922,0.178455263,0.004092229,0.120408915,0.440811843,0.069738291,0.037456457,0.035240587,0.225487262,0.193729281,0.008411848,0.008375378,0.000576976,0.000381995,0.089515112,0.001274725,0.001076889,0.007146003,0.004745290,0.003251766,0.002419031,0.001319212,0.000378021,0.045775510,0.071431167,0.194069281,0.048422024,0.000411430,0.000532004,0.029644288,0.023929387,0.002659242,0.025445739,0.004418147,0.003168127,0.007912815,0.003377047,0.008062601,0.009061277,0.000001455,0.000006564
0.000002927,0.183204949,0.110569194,0.019378366,0.013712209,0.032582011,0.000415879,0.000000851,0.000001868,0.099512845,0.078795180,0.216649503,0.235608786,0.008049273,0.078480676,0.336838037,0.102338739,0.031564038,0.024967894,0.274333656,0.159480453,0.011596597,0.008717315,0.001152075,0.000493639,0.082185417,0.000581746,0.000955403,0.011035322,0.013356328,0.003116009,0.002062845,0.000939654,0.001975889,0.080713794,0.088910080,0.244278580,0.188671753,0.000068434,0.000057038,0.027385009,0.046974108,0.001466370,0.016456556,0.093049474,0.092632167,0.067523398,0.017320137,0.023628332,0.040294003,0.000001083,0.000007542
0.000003102,0.185249716,0.112892434,0.019140542,0.013673030,0.031356186,0.000440520,0.000000886,0.000001944,0.099345416,0.082879767,0.214421630,0.234323204,0.008185703,0.073894560,0.338494062,0.108599931,0.032119047,0.024859037,0.276299268,0.156699479,0.011652258,0.008432741,0.001167895,0.000496115,0.083541654,0.000603421,0.000978058,0.011371007,0.014641906,0.003051203,0.001999896,0.000936312,0.001941894,0.081776679,0.089318074,0.254569858,0.205707476,0.000064152,0.000059257,0.029007478,0.050479300,0.001593488,0.017062647,0.104074627,0.106095485,0.069749720,0.018293176,0.025456857,0.044203982,0.000001079,0.000007859
0.000003036,0.254083782,0.188007325,0.009816544,0.008616406,0.017346248,0.000482730,0.000001041,0.000002670,0.092616394,0.088910677,0.286942333,0.290387183,0.004227107,0.140763298,0.413106292,0.061819848,0.023948148,0.018342825,0.268136293,0.195969224,0.012328845,0.007704595,0.001647250,0.000257195,0.066932343,0.001007785,0.000809518,0.008523330,0.013909290,0.005660395,0.003683638,0.001036014,0.000914472,0.095220588,0.107310809,0.180861339,0.177734196,0.000088471,0.000091876,0.029560396,0.051767077,0.001597105,0.015921373,0.125881374,0.144179672,0.195277497,0.054769702,0.033730976,0.067432888,0.000001012,0.000007453
0.000002295,0.264678717,0.153729722,0.011014251,0.007865033,0.022277502,0.000259007,0.000000768,0.000001432,0.076160721,0.072293915,0.271178156,0.296234399,0.010534812,0.105564207,0.270350158,0.074502192,0.025927369,0.019158352,0.242717594,0.160508782,0.012592730,0.010087544,0.000754284,0.000314554,0.049663201,0.000551303,0.000806405,0.009365246,0.009955524,0.007721259,0.004617021,0.000663581,0.000842798,0.029210491,0.038535275,0.203304261,0.094947234,0.000112913,0.000123740,0.027099922,0.029562324,0.003156185,0.024711918,0.071858451,0.063151442,0.170337394,0.019944983,0.020421835,0.036759891,0.000000845,0.000004460
0.000001252,0.269182801,0.145106122,0.010946064,0.008160929,0.025884468,0.000197469,0.000000754,0.000000842,0.103837349,0.086484440,0.223879606,0.255364388,0.008743189,0.070752352,0.330215931,0.114659719,0.030172950,0.021274738,0.294385850,0.164312139,0.008996385,0.007425065,0.000748904,0.000205507,0.042447668,0.001002390,0.000398245,0.003784675,0.005282527,0.015543340,0.008353048,0.000827345,0.000858165,0.045608655,0.057528466,0.076785341,0.035410982,0.000282884,0.000099136,0.013163541,0.016980032,0.001975527,0.024032852,0.011377011,0.009950667,0.108064823,0.011180167,0.018916227,0.029208157,0.000001337,0.000004443
0.000001383,0.245947689,0.145956755,0.008859820,0.006922675,0.019004310,0.000116125,0.000000395,0.000000571,0.109810352,0.099533096,0.213856667,0.245944232,0.006220941,0.139601350,0.347071916,0.057766873,0.034215059,0.026153922,0.340876967,0.220514342,0.007733873,0.005309669,0.000439029,0.000421072,0.055235639,0.000572598,0.001206208,0.004063907,0.007203088,0.003653539,0.002172920,0.000697371,0.000734978,0.018011365,0.022767045,0.105803214,0.051295348,0.000390587,0.000200753,0.021212183,0.024268948,0.001708903,0.010093960,0.004116168,0.003480505,0.011696775,0.003631598,0.001351618,0.002142406,0.000000739,0.000003219
0.000001329,0.191371977,0.097315699,0.011926789,0.009445944,0.036582686,0.000077623,0.000000538,0.000000610,0.162118986,0.116049290,0.166728139,0.187268689,0.005014891,0.141490981,0.416376889,0.063536361,0.044526931,0.038045447,0.296088994,0.302558720,0.004421447,0.005184143,0.000287333,0.000494719,0.068319090,0.001272030,0.001234035,0.003531237,0.002586787,0.002991132,0.002111756,0.000834741,0.000405558,0.013310703,0.024889601,0.082416251,0.012829104,0.001552528,0.000568313,0.029300768,0.036116481,0.002458213,0.011059329,0.000534862,0.000275599,0.003943885,0.001814068,0.000652577,0.000599086,0.000000989,0.000003278
0.000001499,0.185246766,0.104945324,0.010254917,0.010315952,0.032193854,0.000084559,0.000000543,0.000000739,0.151600599,0.093844824,0.137798652,0.149977773,0.005703444,0.134077787,0.389474005,0.065367252,0.053470150,0.049681671,0.266096294,0.283115178,0.004726940,0.006339300,0.000279885,0.000509969,0.088739216,0.001363748,0.001584771,0.003647664,0.002419913,0.003598680,0.002791859,0.000755213,0.000671171,0.015670635,0.025993897,0.072844945,0.014681373,0.001278350,0.000283213,0.038542740,0.049574986,0.002216079,0.009876820,0.000519971,0.000287217,0.004065735,0.002423477,0.000608685,0.000583469,0.000000893,0.000003509
0.000001767,0.214745387,0.101478592,0.013665309,0.008942720,0.033271149,0.000087321,0.000000725,0.000000865,0.120660633,0.087931693,0.140643477,0.159577072,0.002876860,0.207029790,0.478662789,0.045710921,0.050702531,0.042997845,0.310513616,0.238706410,0.005904248,0.006403156,0.000305554,0.000692889,0.082088500,0.001009553,0.001525192,0.001598969,0.001464749,0.026340928,0.018695911,0.000807447,0.002104263,0.014259565,0.019601949,0.030738048,0.012696566,0.001412743,0.000047422,0.037877236,0.036003355,0.002636700,0.012797625,0.000347232,0.000219735,0.009994724,0.005549470,0.000571350,0.000576898,0.000000998,0.000005170
0.000001707,0.141013995,0.075048789,0.025513839,0.013170474,0.042877004,0.000062369,0.000000707,0.000000869,0.130977049,0.074254967,0.094973527,0.102671541,0.003023784,0.181264788,0.505481124,0.053801209,0.077679917,0.079566762,0.297038436,0.255621225,0.005673846,0.008112820,0.000208506,0.000438578,0.062231291,0.001554930,0.002052888,0.002105861,0.002083973,0.005888936,0.005077736,0.000479791,0.000327226,0.008687579,0.014428969,0.061619010,0.012821697,0.002758367,0.000690365,0.060583886,0.045904469,0.004012354,0.005408070,0.000176852,0.000092017,0.002346218,0.002851818,0.000124966,0.000091655,0.000001052,0.000004261
0.000001018,0.162835509,0.076258130,0.020266863,0.024483150,0.058231607,0.000031040,0.000000398,0.000000619,0.122807793,0.047218256,0.097259454,0.098112166,0.002392774,0.161127701,0.572658181,0.066594094,0.077445872,0.076907337,0.277383119,0.191105500,0.006749438,0.012473913,0.000135442,0.000272710,0.017693888,0.000509763,0.001175261,0.000865222,0.002135930,0.016130805,0.012768013,0.000194221,0.001538092,0.002223798,0.002248854,0.020112807,0.014312234,0.004689739,0.000128454,0.034631379,0.013459268,0.005181357,0.003341547,0.000177992,0.000155951,0.005185621,0.006778021,0.000047233,0.000067300,0.000000967,0.000002649
0.000001158,0.102005780,0.064243197,0.022313995,0.028077627,0.062909693,0.000040816,0.000000354,0.000000685,0.092367902,0.046337392,0.060893591,0.062519334,0.004227934,0.204993501,0.451626033,0.050403249,0.139253989,0.145549715,0.298493236,0.271250695,0.008678257,0.014731056,0.000163629,0.000271729,0.018208224,0.000396459,0.001180565,0.001610500,0.002847826,0.021799602,0.016182590,0.000120125,0.002619995,0.002614938,0.002650580,0.039034788,0.021381686,0.001274154,0.000051948,0.039222695,0.019337440,0.003831044,0.002381961,0.000607985,0.000449315,0.012587361,0.009717219,0.000046197,0.000060868,0.000000792,0.000002530
0.000002006,0.090330131,0.047605727,0.031898435,0.025864586,0.087951235,0.000070881,0.000000463,0.000000994,0.097765014,0.045423519,0.053260639,0.054823432,0.004811106,0.337906957,0.374127090,0.025941728,0.165636390,0.179421410,0.260649800,0.265904218,0.007838935,0.015417928,0.000208436,0.000358033,0.048493516,0.000722746,0.002050233,0.002977119,0.002672451,0.027666852,0.022261789,0.000158468,0.001924116,0.005816884,0.008243528,0.069656625,0.019872386,0.000593993,0.000053752,0.072173901,0.043304604,0.003647359,0.003375675,0.000676125,0.000377282,0.012053797,0.009414056,0.000103755,0.000101913,0.000000776,0.000003438
0.000002065,0.078774974,0.042688113,0.037149593,0.030052939,0.098621793,0.000083403,0.000000592,0.000000936,0.095167555,0.048596345,0.050971784,0.051779449,0.005211346,0.319080412,0.363633692,0.028143419,0.172844976,0.187019035,0.262836516,0.275773019,0.007933733,0.015051315,0.000229080,0.000307950,0.058279429,0.000987998,0.002113798,0.002412124,0.003408461,0.041344076,0.031628702,0.000171287,0.001292827,0.008638973,0.011343593,0.060280565,0.021993846,0.000571491,0.000069891,0.081597067,0.046293553,0.003791657,0.003792176,0.000573541,0.000353481,0.013594529,0.009645807,0.000137113,0.000150399,0.000000811,0.000003863
0.000000486,0.048622001,0.038568214,0.064889386,0.041902192,0.072004296,0.000103705,0.000000301,0.000000563,0.419926196,0.471529931,0.419411480,0.411484689,0.010576306,0.394423097,0.394500911,0.008654448,0.021441620,0.027078269,0.368448168,0.667758107,0.001005555,0.000741770,0.000511703,0.000358920,0.115598820,0.001664796,0.001992358,0.002636140,0.004503775,0.007537646,0.004285904,0.000568177,0.001806505,0.074960455,0.099148721,0.035392903,0.023971707,0.000559138,0.000030359,0.014301293,0.036092855,0.000257322,0.002114187,0.002687818,0.001923240,0.046780095,0.013258781,0.000716489,0.000891122,0.000000925,0.000001465
0.000000460,0.024303995,0.021065019,0.049378708,0.069103703,0.119503438,0.000048292,0.000000304,0.000000409,0.548212171,0.564005613,0.647570014,0.668744206,0.011619461,0.343807906,0.357113838,0.012014762,0.008096149,0.007852081,0.425490856,0.500244856,0.000719553,0.000470831,0.000191989,0.000611291,0.051797304,0.000759329,0.001767618,0.001609773,0.004292007,0.006701786,0.003408199,0.000458695,0.000332978,0.010219454,0.018288311,0.043346234,0.012716697,0.002355511,0.000578949,0.023999117,0.016445728,0.001488975,0.003880414,0.000693823,0.000419767,0.010704463,0.003324511,0.000208832,0.000258753,0.000001191,0.000001083
0.000000737,0.056369156,0.038854312,0.021358179,0.061974209,0.098489955,0.000060213,0.000000202,0.000000555,0.581969440,0.518086731,0.536252379,0.565478683,0.014574290,0.304873735,0.303613603,0.019555766,0.012698879,0.017360022,0.430387020,0.741854727,0.000597373,0.000553559,0.000208511,0.000361763,0.063995056,0.000834795,0.004972533,0.004217450,0.004659564,0.002547491,0.001667585,0.000215702,0.001376436,0.005908686,0.012353110,0.081582844,0.020608822,0.001208164,0.000132236,0.034104437,0.042087544,0.000960718,0.000964506,0.001513710,0.000771767,0.009525639,0.005470258,0.000080057,0.000065998,0.000000478,0.000001068
0.000000892,0.078475460,0.054667547,0.019741060,0.027432486,0.073995642,0.000114564,0.000000400,0.000000548,0.237119615,0.156501845,0.166143939,0.181743830,0.007504235,0.201005489,0.369347632,0.048863739,0.063939244,0.062855110,0.370819837,0.520949244,0.002699209,0.004821915,0.000386204,0.000704419,0.125996813,0.001253577,0.004402505,0.002982907,0.008225276,0.006263574,0.003004817,0.000325667,0.000675566,0.019083761,0.029028190,0.063684851,0.019570684,0.000358907,0.000144079,0.036961596,0.068882093,0.001043311,0.002139618,0.001151210,0.000657176,0.016804907,0.002364318,0.000172541,0.000210618,0.000000367,0.000002535
0.000000954,0.170508862,0.085055865,0.017514832,0.010486707,0.037592366,0.000072713,0.000000556,0.000000733,0.118293650,0.064989455,0.182885528,0.199046388,0.003208420,0.220471561,0.483637750,0.043445632,0.041565303,0.039590977,0.274359912,0.304879695,0.005720283,0.010220201,0.000403573,0.000651494,0.063646868,0.000752645,0.002211600,0.002532517,0.002167008,0.005554155,0.003302381,0.000786782,0.000475872,0.011146795,0.020835808,0.057897028,0.009088863,0.001601488,0.000283904,0.018771324,0.020068873,0.001014039,0.005064684,0.001136359,0.000561264,0.013870474,0.003173458,0.000259540,0.000266106,0.000000720,0.000003381
0.000001101,0.165977359,0.082353219,0.017142303,0.011336548,0.040630098,0.000081212,0.000000625,0.000000791,0.121063672,0.068921879,0.175166532,0.191428646,0.003288075,0.221631795,0.478132159,0.043340534,0.044325348,0.042039454,0.281295180,0.336073697,0.005615738,0.009665988,0.000410424,0.000632253,0.079331569,0.000938074,0.002373755,0.002598310,0.001844206,0.007091608,0.004570750,0.000849585,0.000645030,0.013481599,0.025652766,0.049627777,0.008307380,0.001520927,0.000176818,0.021259865,0.022976296,0.001056607,0.005763582,0.000957674,0.000474604,0.012362691,0.003799620,0.000343635,0.000335156,0.000000721,0.000003959
0.000000650,0.161537290,0.077197850,0.012519452,0.013934552,0.053911716,0.000075358,0.000000479,0.000000721,0.060862765,0.020724425,0.200269714,0.223956838,0.018679356,0.097545616,0.203401506,0.076168410,0.038388476,0.037084233,0.185359821,0.138708144,0.010380911,0.033331193,0.000357510,0.000663712,0.092939742,0.001343326,0.001850340,0.002494705,0.004972526,0.002011406,0.001265031,0.001234732,0.000182045,0.042083442,0.063042708,0.065953948,0.015702205,0.002252697,0.001209769,0.024388924,0.029530043,0.000977234,0.005262550,0.000529906,0.000342597,0.005050109,0.001559108,0.000308596,0.000364316,0.000000818,0.000002400
0.000000971,0.227619365,0.104487851,0.007048220,0.010470051,0.044401444,0.000143099,0.000000448,0.000000715,0.113991715,0.046986658,0.192030847,0.202824458,0.002657747,0.322165161,0.474980623,0.027398558,0.039790437,0.036538135,0.254347503,0.247184038,0.005836906,0.012559270,0.000757922,0.000411947,0.052872960,0.001091603,0.000858690,0.003482622,0.008539112,0.005488366,0.002752717,0.000549740,0.000353368,0.043092199,0.060591679,0.109044679,0.041634433,0.000357225,0.000329560,0.020175487,0.031037655,0.001066879,0.007043209,0.003556584,0.002465679,0.024047412,0.003052464,0.000653948,0.000994302,0.000000849,0.000003215
0.000001096,0.267381430,0.134872332,0.005630479,0.011456209,0.039117895,0.000146514,0.000000412,0.000000902,0.082242250,0.023860354,0.171585366,0.183409214,0.002474783,0.289145023,0.492699623,0.031241408,0.040930748,0.036818437,0.212667018,0.139425501,0.008029335,0.020858288,0.000725827,0.000345791,0.045457263,0.001151344,0.000576351,0.004302420,0.012390085,0.005284898,0.002907059,0.000502882,0.000616555,0.051124573,0.066513911,0.103857972,0.060822062,0.000314200,0.000211352,0.026663182,0.032063175,0.001712980,0.009878779,0.003116219,0.002625467,0.015156978,0.003228505,0.000910268,0.001483290,0.000000952,0.000003307
0.000000908,0.231292963,0.107638016,0.014479392,0.014484154,0.042262901,0.000140779,0.000000377,0.000000926,0.072660923,0.027577277,0.131463140,0.144096971,0.002050814,0.428442508,0.487761497,0.018183157,0.055000570,0.052827854,0.184678078,0.131387606,0.009599736,0.017878493,0.001092061,0.000234339,0.024771972,0.001064290,0.000233643,0.003875575,0.008084716,0.007722209,0.004240248,0.000763787,0.000775271,0.100928061,0.121416509,0.081469677,0.047169428,0.000465779,0.000138257,0.014135438,0.014759195,0.001034241,0.012141701,0.005035576,0.004322551,0.028651409,0.006231953,0.001609618,0.002387268,0.000001889,0.000003124
0.000000908,0.231292963,0.107638016,0.014479392,0.014484154,0.042262901,0.000140779,0.000000377,0.000000926,0.072660923,0.027577277,0.131463140,0.144096971,0.002050814,0.428442508,0.487761497,0.018183157,0.055000570,0.052827854,0.184678078,0.131387606,0.009599736,0.017878493,0.001092061,0.000234339,0.024771972,0.001064290,0.000233643,0.003875575,0.008084716,0.007722209,0.004240248,0.000763787,0.000775271,0.100928061,0.121416509,0.081469677,0.047169428,0.000465779,0.000138257,0.014135438,0.014759195,0.001034241,0.012141701,0.005035576,0.004322551,0.028651409,0.006231953,0.001609618,0.002387268,0.000001889,0.000003124
0.000000473,0.243548170,0.118156746,0.007617616,0.013696322,0.045558527,0.000097522,0.000000254,0.000000558,0.079347394,0.033938836,0.113768317,0.131213248,0.004952585,0.275385767,0.355048358,0.029834332,0.064789288,0.061682213,0.208370104,0.154193088,0.008125469,0.015812395,0.000834967,0.000296313,0.031091737,0.001250202,0.000271089,0.002134993,0.008757453,0.003252903,0.001612370,0.001016536,0.000889544,0.107094347,0.120472774,0.034171171,0.026963405,0.001060442,0.000137913,0.009261505,0.016520806,0.000560332,0.007459525,0.001695884,0.001552905,0.015552566,0.003249050,0.000891649,0.001570962,0.000001494,0.000001814
