_neutral,browDownLeft,browDownRight,browInnerUp,browOuterUpLeft,browOuterUpRight,cheekPuff,cheekSquintLeft,cheekSquintRight,eyeBlinkLeft,eyeBlinkRight,eyeLookDownLeft,eyeLookDownRight,eyeLookInLeft,eyeLookInRight,eyeLookOutLeft,eyeLookOutRight,eyeLookUpLeft,eyeLookUpRight,eyeSquintLeft,eyeSquintRight,eyeWideLeft,eyeWideRight,jawForward,jawLeft,jawOpen,jawRight,mouthClose,mouthDimpleLeft,mouthDimpleRight,mouthFrownLeft,mouthFrownRight,mouthFunnel,mouthLeft,mouthLowerDownLeft,mouthLowerDownRight,mouthPressLeft,mouthPressRight,mouthPucker,mouthRight,mouthRollLower,mouthRollUpper,mouthShrugLower,mouthShrugUpper,mouthSmileLeft,mouthSmileRight,mouthStretchLeft,mouthStretchRight,mouthUpperUpLeft,mouthUpperUpRight,noseSneerLeft,noseSneerRight
0.000001093,0.001151291,0.000041645,0.465894610,0.438175499,0.651440144,0.000262748,0.000001688,0.000000420,0.241470277,0.120559953,0.469783902,0.476959676,0.026157549,0.138732508,0.129495665,0.026622931,0.014425673,0.013167283,0.537362456,0.384872288,0.002580223,0.004294668,0.000811146,0.020279624,0.113795951,0.000025553,0.002097040,0.003575033,0.000948442,0.003207750,0.003444532,0.006362183,0.000260096,0.090576932,0.160642043,0.063538767,0.015294861,0.003241357,0.001066615,0.006876026,0.011947650,0.001409344,0.027845390,0.003064499,0.001147139,0.008751085,0.005804404,0.032893777,0.019314380,0.000006405,0.000004583
0.000001976,0.000272085,0.000038930,0.603647232,0.658478379,0.692367196,0.000841375,0.000004631,0.000001036,0.103482604,0.040867854,0.278435349,0.281167060,0.066788472,0.059310645,0.057329424,0.068964407,0.033335485,0.027731156,0.587253094,0.268321097,0.006808280,0.014229661,0.002554100,0.015897339,0.088002004,0.000031290,0.001614174,0.001917575,0.011208828,0.024726521,0.017936511,0.002883836,0.000439195,0.370302498,0.392585099,0.073088296,0.155216247,0.000855378,0.000352077,0.013048443,0.008393412,0.005243464,0.035876591,0.043451250,0.046028282,0.071354523,0.054311611,0.117836639,0.169891596,0.000005185,0.000007080
0.000001896,0.000249885,0.000039956,0.593012094,0.673732460,0.692027330,0.000839537,0.000004710,0.000001029,0.101381935,0.039932001,0.286584884,0.285452694,0.060379397,0.066192284,0.062262215,0.061974999,0.032434922,0.026943807,0.575972199,0.256633967,0.007103215,0.014394061,0.002639114,0.015797641,0.093526274,0.000032983,0.001671870,0.001868350,0.011505047,0.026453765,0.019405492,0.003226125,0.000454340,0.364246696,0.384627074,0.063558236,0.143814906,0.001008666,0.000320152,0.012179329,0.007442562,0.004793626,0.035825584,0.043374758,0.047018133,0.074838609,0.061855603,0.110165477,0.164168254,0.000005211,0.000006974
0.000001866,0.000267664,0.000040890,0.595139265,0.658464789,0.680696845,0.000813699,0.000004529,0.000000992,0.099585854,0.041661546,0.266863197,0.270560741,0.057537753,0.068411358,0.065328188,0.059249885,0.034716669,0.029353341,0.573374331,0.286769956,0.007113961,0.013907257,0.002619892,0.014943484,0.088835344,0.000033759,0.001541872,0.001949557,0.010467605,0.024198521,0.017891042,0.003120559,0.000485691,0.376887560,0.402560830,0.065345176,0.141065955,0.000976877,0.000298276,0.011892067,0.007664837,0.004729293,0.035618629,0.043142017,0.045637660,0.071636200,0.057648193,0.116367601,0.166920736,0.000005255,0.000006794
0.000002358,0.000395824,0.000026212,0.577229857,0.576861858,0.688670099,0.000799288,0.000004884,0.000000869,0.119645290,0.052981194,0.336587638,0.338014305,0.044253740,0.089709766,0.081263900,0.045025356,0.026708625,0.021444518,0.597134471,0.281818241,0.005770943,0.011092327,0.002504983,0.013836430,0.115236551,0.000031371,0.002894680,0.003097683,0.010467659,0.024447709,0.019952813,0.003147313,0.000436289,0.247477651,0.276344746,0.075588711,0.116807573,0.000877963,0.000286026,0.012761092,0.008113261,0.003791238,0.028504083,0.055877909,0.050036360,0.070726797,0.073591784,0.074443534,0.094622985,0.000004311,0.000007287
0.000000937,0.000686181,0.000019756,0.485036731,0.545430303,0.730335355,0.000986307,0.000003103,0.000001040,0.146341920,0.031129250,0.346863717,0.362076163,0.107432999,0.043260824,0.037847213,0.110838562,0.026106702,0.020754227,0.542116761,0.126579747,0.006107809,0.017350392,0.004967338,0.024718590,0.091971472,0.000046668,0.000807621,0.002702971,0.006514535,0.015057608,0.010923042,0.007658134,0.003953262,0.585032940,0.597656190,0.027650949,0.070051193,0.003399496,0.000016194,0.008181027,0.005702006,0.002092601,0.028405413,0.085492603,0.088044770,0.188278958,0.140043244,0.109051369,0.137280166,0.000005265,0.000004714
0.000001109,0.000417030,0.000034104,0.546601295,0.622079253,0.719799161,0.001104395,0.000003731,0.000000908,0.219114646,0.067859925,0.422077477,0.420227438,0.115509056,0.035193957,0.036645614,0.121333502,0.021283474,0.016900828,0.602051854,0.252163947,0.003979207,0.009255000,0.003492357,0.055436011,0.136568248,0.000031153,0.001071267,0.002856306,0.009059694,0.023448285,0.016202589,0.004349994,0.003452982,0.497009039,0.540897846,0.038552918,0.087300174,0.001763302,0.000024248,0.010009347,0.007939024,0.003114853,0.036169618,0.058973089,0.055839162,0.126175612,0.057926938,0.096701369,0.116401576,0.000005539,0.000007328
0.000000866,0.000921723,0.000024706,0.571060181,0.491707057,0.665807128,0.000654557,0.000002194,0.000000302,0.125946894,0.116256975,0.244397372,0.283303112,0.030010734,0.094987899,0.105108321,0.045251746,0.035848539,0.025543999,0.528289855,0.294557899,0.006203173,0.005265823,0.001611735,0.027105335,0.134942353,0.000032702,0.001005541,0.001694025,0.004903835,0.032550115,0.020959379,0.004452617,0.000438421,0.404624909,0.444901288,0.024577744,0.028543042,0.003013925,0.000260141,0.007690839,0.005148861,0.002300542,0.038629193,0.006558825,0.005053840,0.041484643,0.008908924,0.066168062,0.075969376,0.000006949,0.000004548
0.000001204,0.000535295,0.000089113,0.480699599,0.537057936,0.583670318,0.000994671,0.000005053,0.000000796,0.250688046,0.135801122,0.368314922,0.366487235,0.086451776,0.051424678,0.041291513,0.089906171,0.026516605,0.022089563,0.648721218,0.385075480,0.003141278,0.003992430,0.003343067,0.044463549,0.179364070,0.000044295,0.001099014,0.002751444,0.006190551,0.067829892,0.051154967,0.005303998,0.002248209,0.457196385,0.529523611,0.023148576,0.047025677,0.003836977,0.000023679,0.010256673,0.003832567,0.003775876,0.036793076,0.034916021,0.029687807,0.202298269,0.092748940,0.100147314,0.097781204,0.000006113,0.000006818
0.000000905,0.001299231,0.000091405,0.445034742,0.434895068,0.602331638,0.001146079,0.000002473,0.000000857,0.192798838,0.052378122,0.282006502,0.302314430,0.089286879,0.041732185,0.043859258,0.096466862,0.032682315,0.028179456,0.619222760,0.181966096,0.004797264,0.009806881,0.002953478,0.053287119,0.108855091,0.000017716,0.000501574,0.003279976,0.007151891,0.066447921,0.045583475,0.002430886,0.009936419,0.588734150,0.621950269,0.021804104,0.048348345,0.002028412,0.000005735,0.012644746,0.007572230,0.004171030,0.043054402,0.025078341,0.021693684,0.201496318,0.040820159,0.232827723,0.217281073,0.000006711,0.000006023
0.000000514,0.001649725,0.000728556,0.416804284,0.329847783,0.263516217,0.000342275,0.000001875,0.000000275,0.269433707,0.157475248,0.380239397,0.369525075,0.057634883,0.059104677,0.063726708,0.067318849,0.018183459,0.022202721,0.351146728,0.429956496,0.002149905,0.003202608,0.001142247,0.081440970,0.114321217,0.000007467,0.000752282,0.001250659,0.003649373,0.043330237,0.030417921,0.003590843,0.007274394,0.264399767,0.316585749,0.010040930,0.024284236,0.007162660,0.000011103,0.010115023,0.002368954,0.003516123,0.061181583,0.003583761,0.002506164,0.035107601,0.006985940,0.069423683,0.069664314,0.000004087,0.000003656
0.000000783,0.001869239,0.000861124,0.369603455,0.349609554,0.369576365,0.000476356,0.000002561,0.000000448,0.163625896,0.134840712,0.251186192,0.252016366,0.028109105,0.114620887,0.100407742,0.030958446,0.031778909,0.033168789,0.413499713,0.435754359,0.003361282,0.004258995,0.000965465,0.069813937,0.229601696,0.000020565,0.001440822,0.002139359,0.003371904,0.068656899,0.044497117,0.005595051,0.006629571,0.199899852,0.233114570,0.010145549,0.014887122,0.009023810,0.000010522,0.007964373,0.003410883,0.001901751,0.053608928,0.005428926,0.003282455,0.195234105,0.015132839,0.036199015,0.035198800,0.000004540,0.000005044
0.000000998,0.002755301,0.000757543,0.386540562,0.280902654,0.258136868,0.000431478,0.000003213,0.000000455,0.256926835,0.192614019,0.339098185,0.327048272,0.047707245,0.075961463,0.073310405,0.052120835,0.023352262,0.024967870,0.405259103,0.426918268,0.002137012,0.002525999,0.000867080,0.067826219,0.189439788,0.000031861,0.000673115,0.001557569,0.002742605,0.135054931,0.106504746,0.003556755,0.000930385,0.272430390,0.358507812,0.010815367,0.013371977,0.007501388,0.000095553,0.011158816,0.004132284,0.005043335,0.103625737,0.002209670,0.001634235,0.052098010,0.013070047,0.086477138,0.076172426,0.000008822,0.000006688
0.000000736,0.000681348,0.000503025,0.435661107,0.529588878,0.438157976,0.000102205,0.000002189,0.000000235,0.279920876,0.176231831,0.312475741,0.320413858,0.019125508,0.140397981,0.141575411,0.032450523,0.026587933,0.025324499,0.591341138,0.392364502,0.002485462,0.002704211,0.000185441,0.080096826,0.177292481,0.000021962,0.001504638,0.000614278,0.000380391,0.025630062,0.017929161,0.011062802,0.004755009,0.023048708,0.028205764,0.004618908,0.003017176,0.139183313,0.000057058,0.012468122,0.004428283,0.008128345,0.093213081,0.000062822,0.000021570,0.017924653,0.001571045,0.012902819,0.013175235,0.000005155,0.000002467
0.000000780,0.001193350,0.000936551,0.385479003,0.412992001,0.337011904,0.000087366,0.000002081,0.000000235,0.312677890,0.189655378,0.306922555,0.309098274,0.019724393,0.145989612,0.138389602,0.030621320,0.026461633,0.028815111,0.549415946,0.430718839,0.002066910,0.002432568,0.000178273,0.075944424,0.148264796,0.000015965,0.001565705,0.000676689,0.000346064,0.038368125,0.027582396,0.011014116,0.004766632,0.017531224,0.021711111,0.004501705,0.002664345,0.141606003,0.000046937,0.010934454,0.003660125,0.007270325,0.092456311,0.000081485,0.000027889,0.028849307,0.002119350,0.012154238,0.012757414,0.000004777,0.000002441
0.000000787,0.001248725,0.000867477,0.400862187,0.404304028,0.339691222,0.000079803,0.000002092,0.000000229,0.325357586,0.198487610,0.330890834,0.329157084,0.016919186,0.165827051,0.154063016,0.026689982,0.024212020,0.026068026,0.550037920,0.437101364,0.001935531,0.002287521,0.000163986,0.068634130,0.132088393,0.000016720,0.001571474,0.000606768,0.000362489,0.035763286,0.024789052,0.010812097,0.003809679,0.015418687,0.018884664,0.004398972,0.002569082,0.161764085,0.000068442,0.010971932,0.003625674,0.008249394,0.097166598,0.000072490,0.000025048,0.028990233,0.001922150,0.011340321,0.012640507,0.000004836,0.000002220
0.000000806,0.001001798,0.000783287,0.411762446,0.441945702,0.353450954,0.000083447,0.000002300,0.000000231,0.302243173,0.183209240,0.289468527,0.291884333,0.022072839,0.130794346,0.128707141,0.033907440,0.027915323,0.030876489,0.548387527,0.441525906,0.002072011,0.002512156,0.000159559,0.070993789,0.149265692,0.000017279,0.001682374,0.000585619,0.000369673,0.036975719,0.024767907,0.010403424,0.004204271,0.016186865,0.019588180,0.004596301,0.002868484,0.146649912,0.000061681,0.012101445,0.003874220,0.009210283,0.103430040,0.000071006,0.000024911,0.030482875,0.001838357,0.013133569,0.014894220,0.000004427,0.000002218
0.000000675,0.000199975,0.000143515,0.672645807,0.589189291,0.454878479,0.000105008,0.000003219,0.000000300,0.220884040,0.255009979,0.471883804,0.453034610,0.043244947,0.080602169,0.080369398,0.049230993,0.018466908,0.013138322,0.521477222,0.408709764,0.003472507,0.002144977,0.000158419,0.113595217,0.156054735,0.000019398,0.001912333,0.000491584,0.000614876,0.029793909,0.017370079,0.005943303,0.001983440,0.022005942,0.034402385,0.005934340,0.003274526,0.163797960,0.000220206,0.033920828,0.006869035,0.022218131,0.092048712,0.000030860,0.000009515,0.016222309,0.000993381,0.008501071,0.010179806,0.000005468,0.000001547
0.000000891,0.000211370,0.000175098,0.620316863,0.619203866,0.481997490,0.000126540,0.000003038,0.000000322,0.238051504,0.297970355,0.452870190,0.445585579,0.010629179,0.219004467,0.217302933,0.020643648,0.020457422,0.012822131,0.516590714,0.414151996,0.003492319,0.001543529,0.000153974,0.148013994,0.210949421,0.000019244,0.002836475,0.000480890,0.000500290,0.046563573,0.030203229,0.004998065,0.003028202,0.017467294,0.027604481,0.005500495,0.003154994,0.175440624,0.000133797,0.042006578,0.007552147,0.028574772,0.090717100,0.000024672,0.000007241,0.014389293,0.001193158,0.006111525,0.007525247,0.000005513,0.000001994
0.000000889,0.000207164,0.000173134,0.631241798,0.624650300,0.479591280,0.000112043,0.000003136,0.000000310,0.238579154,0.294121951,0.442117453,0.435294390,0.010351462,0.223513633,0.220489085,0.020268958,0.021289453,0.013686806,0.506808043,0.416513801,0.003461587,0.001596318,0.000148192,0.128579646,0.180983663,0.000018960,0.002691569,0.000428313,0.000464966,0.050197430,0.032757550,0.005391173,0.003143375,0.015635699,0.023798512,0.004799110,0.002957141,0.211086154,0.000137713,0.040987317,0.006749447,0.029946752,0.097887710,0.000022413,0.000006774,0.014508153,0.001265606,0.005972042,0.007534694,0.000005602,0.000001883
0.000000737,0.001239629,0.000423608,0.361729681,0.420071930,0.433824837,0.000068180,0.000001363,0.000000254,0.387337595,0.326757044,0.532958508,0.558459759,0.039814454,0.098662853,0.090859301,0.032767590,0.009725329,0.009671285,0.534413576,0.400678366,0.001246978,0.000972028,0.000093529,0.057416715,0.080606036,0.000017489,0.001952196,0.002015716,0.001176851,0.006407857,0.004072375,0.004651991,0.002252757,0.007291649,0.013387576,0.011973327,0.003623250,0.157000616,0.000290499,0.047222290,0.010390360,0.023165364,0.062237784,0.000048551,0.000011415,0.005083673,0.000333277,0.002394539,0.002134389,0.000003641,0.000001202
0.000000737,0.001239629,0.000423608,0.361729681,0.420071930,0.433824837,0.000068180,0.000001363,0.000000254,0.387337595,0.326757044,0.532958508,0.558459759,0.039814454,0.098662853,0.090859301,0.032767590,0.009725329,0.009671285,0.534413576,0.400678366,0.001246978,0.000972028,0.000093529,0.057416715,0.080606036,0.000017489,0.001952196,0.002015716,0.001176851,0.006407857,0.004072375,0.004651991,0.002252757,0.007291649,0.013387576,0.011973327,0.003623250,0.157000616,0.000290499,0.047222290,0.010390360,0.023165364,0.062237784,0.000048551,0.000011415,0.005083673,0.000333277,0.002394539,0.002134389,0.000003641,0.000001202
0.000000297,0.000653170,0.030972254,0.108609863,0.422336698,0.063478611,0.000031233,0.000001130,0.000000305,0.555217385,0.547811151,0.698164701,0.720755100,0.060151909,0.069660954,0.059221715,0.063855648,0.005058647,0.005408639,0.447504312,0.407481968,0.000828000,0.000466546,0.000072814,0.043890476,0.036149934,0.000017511,0.000707251,0.000437424,0.000506079,0.016987378,0.010120581,0.008758203,0.002134836,0.006210203,0.008100401,0.002323132,0.001463537,0.549674988,0.000345199,0.021352734,0.003092975,0.025515236,0.086367570,0.000012408,0.000003556,0.008208307,0.000553158,0.003337016,0.003502982,0.000005296,0.000000957
0.000000265,0.000728412,0.010595405,0.184397489,0.439779133,0.108799808,0.000019133,0.000001057,0.000000240,0.564826250,0.534569621,0.694372475,0.710573435,0.058676738,0.077431984,0.062980950,0.057993993,0.005499336,0.005879703,0.470059484,0.445533782,0.000892812,0.000553633,0.000057506,0.035963882,0.023388965,0.000020561,0.000652563,0.000296967,0.000345356,0.015316505,0.009373355,0.009464724,0.002395422,0.003504809,0.004413405,0.001379552,0.001008195,0.758965254,0.000405403,0.018007206,0.003256456,0.022985635,0.054494157,0.000005415,0.000001565,0.005889799,0.000488261,0.001075518,0.001226223,0.000006098,0.000000712
0.000000259,0.000776883,0.013338231,0.159725517,0.433140695,0.097817704,0.000020004,0.000000971,0.000000244,0.561918676,0.536514699,0.694311798,0.712970138,0.060090706,0.073549956,0.060192749,0.062453561,0.005328633,0.005722097,0.466681719,0.436088413,0.000867288,0.000536111,0.000057464,0.041119881,0.024361467,0.000019032,0.000641962,0.000341849,0.000405419,0.011394279,0.006744931,0.009489832,0.002577235,0.003664830,0.004599857,0.001540899,0.001039725,0.749882102,0.000414708,0.018758675,0.003550919,0.023289945,0.056066558,0.000005550,0.000001532,0.005263406,0.000373913,0.001159012,0.001296039,0.000005796,0.000000689
0.000001047,0.000591597,0.000891209,0.402092606,0.468812674,0.322720557,0.000101454,0.000004453,0.000000531,0.597870350,0.461889654,0.773723602,0.768092155,0.059956040,0.085422471,0.070893496,0.050520625,0.004227478,0.003305732,0.607465923,0.340763956,0.000793899,0.000673611,0.000356264,0.029949343,0.033201255,0.000016738,0.000486013,0.001212022,0.000743287,0.160128251,0.134715289,0.010096253,0.003919646,0.013828403,0.028263766,0.007477413,0.003842283,0.056775037,0.000068690,0.011475996,0.002227639,0.016679604,0.237644032,0.000568221,0.000217646,0.036301896,0.008144411,0.042019505,0.042570665,0.000013491,0.000004502
0.000001144,0.000476232,0.000618590,0.434603542,0.492319584,0.364025682,0.000115430,0.000004721,0.000000579,0.594056308,0.455585986,0.779121757,0.773400247,0.069171801,0.072586119,0.058566324,0.064279847,0.004206949,0.003100581,0.618204117,0.339927733,0.000797397,0.000679202,0.000411337,0.033233412,0.030454168,0.000013793,0.000508658,0.001407971,0.000729668,0.166626960,0.138609573,0.010393184,0.004459168,0.012546591,0.027828833,0.009010859,0.003813143,0.048657384,0.000059305,0.010769754,0.002117382,0.016819715,0.242017403,0.000895397,0.000319751,0.048431464,0.009316709,0.048675917,0.046794683,0.000013268,0.000004771
0.000001142,0.000526718,0.000754726,0.418850631,0.481363356,0.343487710,0.000107660,0.000004565,0.000000555,0.596667409,0.463748604,0.777169108,0.770338714,0.064357452,0.079063289,0.064496927,0.056722403,0.004173642,0.003172051,0.613591671,0.339611202,0.000787772,0.000647790,0.000366745,0.033841882,0.033716552,0.000014964,0.000547326,0.001348853,0.000731706,0.149261802,0.126047999,0.010273770,0.004044311,0.012440060,0.026476452,0.008619402,0.003834128,0.053035151,0.000069528,0.011442997,0.002190368,0.016943466,0.239184439,0.000718861,0.000262384,0.037243128,0.008250603,0.041291095,0.039779227,0.000013185,0.000004711
0.000001141,0.000446343,0.000596774,0.439789891,0.507289290,0.370197803,0.000111400,0.000004567,0.000000530,0.585694790,0.460105360,0.778706253,0.769396007,0.062071048,0.081285708,0.067047320,0.055360392,0.004264385,0.003101470,0.623277187,0.336831659,0.000837553,0.000649459,0.000361569,0.034995593,0.036447264,0.000016947,0.000579394,0.001301986,0.000759576,0.123094752,0.101455256,0.010383993,0.003697837,0.012994906,0.026968114,0.009073458,0.003896057,0.051845323,0.000082657,0.011509821,0.002399357,0.016741585,0.242815852,0.000696446,0.000250962,0.032503974,0.006874708,0.038308516,0.037362482,0.000013290,0.000004627
0.000000278,0.000490295,0.000194889,0.514269471,0.525661886,0.522369623,0.000033053,0.000001163,0.000000276,0.377497584,0.217297435,0.547104836,0.570218086,0.093372844,0.064089395,0.042091213,0.063321039,0.009185791,0.009666746,0.387173682,0.313879460,0.001361165,0.002950545,0.000261754,0.011167780,0.006682850,0.000014123,0.000102438,0.001595491,0.000406737,0.020377316,0.011502060,0.005986581,0.003095109,0.007745199,0.015804078,0.010597179,0.001613628,0.104546964,0.000130066,0.002709114,0.001045056,0.008036624,0.097486354,0.000367409,0.000086561,0.054193217,0.001481123,0.015599684,0.012811783,0.000013823,0.000000918
0.000000290,0.000441490,0.000176408,0.518947721,0.549127042,0.546048999,0.000035641,0.000001307,0.000000292,0.371406257,0.202282310,0.537082970,0.560092092,0.091336757,0.063818626,0.043047998,0.062671438,0.009523057,0.010237572,0.390872806,0.312338114,0.001426860,0.003339455,0.000271902,0.012414568,0.008344810,0.000016047,0.000110795,0.001540359,0.000390416,0.022301480,0.013162283,0.006364292,0.003215883,0.009465112,0.019448539,0.009788825,0.001642896,0.106884278,0.000117116,0.002995308,0.001189373,0.007860067,0.098892219,0.000293734,0.000070904,0.045892254,0.001592993,0.016169028,0.012884386,0.000014333,0.000001030
0.000000283,0.000472101,0.000187000,0.505473256,0.543365955,0.536721528,0.000033604,0.000001252,0.000000287,0.386867970,0.210950553,0.555155635,0.579316735,0.092382103,0.062878005,0.042553645,0.065047152,0.008830928,0.009609044,0.380782336,0.310398668,0.001345586,0.003159105,0.000270544,0.011397921,0.007166978,0.000015476,0.000100455,0.001591142,0.000382312,0.022140922,0.012935933,0.006382826,0.003294714,0.008467630,0.017407207,0.010124829,0.001610087,0.104790263,0.000117785,0.002740830,0.001089444,0.008086065,0.103259727,0.000337074,0.000079870,0.049705092,0.001576075,0.016924636,0.013330076,0.000014503,0.000001003
0.000001040,0.004910036,0.001679154,0.224568486,0.187086686,0.208195999,0.000267311,0.000001616,0.000000638,0.547137678,0.419818670,0.677312851,0.708370924,0.055727459,0.082961313,0.067100428,0.051469885,0.005329233,0.006737898,0.346581221,0.519367397,0.000633591,0.000641667,0.002268192,0.016929660,0.045584429,0.000017725,0.000761761,0.001804487,0.004143275,0.013972525,0.013574997,0.005304992,0.002546629,0.140121922,0.210618898,0.024107965,0.052183934,0.001326479,0.000034189,0.005191063,0.007927978,0.000891969,0.036168665,0.031197362,0.027304823,0.032397706,0.081830092,0.036037318,0.041384790,0.000005369,0.000005774
0.000000989,0.004633514,0.001628374,0.238403887,0.187281400,0.207529277,0.000261958,0.000001485,0.000000621,0.545593858,0.411093146,0.669444203,0.699803591,0.055224847,0.084563069,0.068348229,0.049961567,0.005507725,0.007081067,0.351219147,0.524542511,0.000625187,0.000665472,0.002236173,0.018101253,0.044683103,0.000016067,0.000746665,0.001969927,0.004399661,0.011319299,0.011050524,0.005245230,0.002623155,0.138500929,0.210170180,0.024908818,0.054491814,0.001239494,0.000034707,0.004948851,0.008144129,0.000835811,0.033943649,0.034004174,0.030141005,0.028277678,0.072900683,0.034105968,0.038886704,0.000005167,0.000005596
0.000000431,0.000153783,0.000065458,0.523554683,0.744319797,0.686599195,0.000199317,0.000002912,0.000000421,0.183843017,0.121384494,0.384533197,0.384005636,0.065586202,0.100683168,0.072592355,0.031399772,0.017703498,0.018765742,0.311887920,0.391345561,0.003053080,0.006185819,0.001198971,0.016878106,0.106570557,0.000032948,0.001174365,0.001011179,0.002960905,0.027148977,0.017556423,0.011101976,0.003060397,0.119817898,0.134507701,0.008900195,0.018995281,0.009702638,0.000036969,0.003964587,0.004108112,0.001109862,0.039242409,0.004783953,0.003286608,0.108660139,0.016052516,0.059057876,0.072923765,0.000005491,0.000002478
0.000000408,0.000165751,0.000060713,0.518534124,0.735338092,0.696902514,0.000212598,0.000002906,0.000000450,0.177896678,0.127020583,0.420965403,0.428508312,0.090321943,0.085174613,0.050436269,0.041296799,0.015165165,0.014979563,0.291064829,0.378347307,0.003197295,0.006172679,0.001378404,0.015231104,0.107672185,0.000038280,0.001089760,0.001097692,0.003198852,0.024070388,0.015599586,0.012714350,0.003075427,0.139128447,0.162870839,0.009111139,0.020406883,0.009182220,0.000035988,0.003589246,0.004214103,0.000945267,0.036540389,0.005868524,0.004166525,0.102762952,0.017342795,0.063910693,0.078330904,0.000005633,0.000002612
0.000000419,0.000162108,0.000062573,0.521497786,0.740553558,0.691721320,0.000203378,0.000002896,0.000000432,0.172453672,0.122375414,0.396898866,0.400503635,0.082934357,0.090106972,0.057129852,0.037072733,0.016840830,0.017099850,0.292278618,0.379162073,0.003309933,0.006474133,0.001356956,0.015089790,0.101417147,0.000034790,0.001114415,0.001084919,0.003149117,0.024567345,0.016275980,0.012561930,0.003192175,0.128126934,0.146770835,0.008871173,0.020413756,0.009629149,0.000034478,0.003506196,0.003828881,0.000919971,0.036398698,0.006284259,0.004516570,0.104534596,0.019201444,0.056813069,0.070305578,0.000005642,0.000002567
0.000000707,0.005856934,0.000855065,0.267046005,0.302044511,0.467196107,0.000090014,0.000001937,0.000000228,0.260412842,0.257449180,0.429174125,0.446695119,0.019995224,0.136595950,0.133302107,0.030681362,0.017548794,0.010940153,0.445942938,0.206186727,0.002075987,0.002334591,0.000304132,0.047615305,0.074740358,0.000018559,0.000853786,0.000152572,0.000883418,0.172942683,0.111611985,0.010953339,0.001129176,0.029891638,0.019258471,0.002213681,0.004474412,0.043037903,0.000137478,0.003680671,0.004743281,0.002361340,0.097928032,0.000156396,0.000116884,0.103640199,0.010863651,0.010248719,0.017574545,0.000010378,0.000004303
0.000000771,0.005446061,0.000649365,0.297856897,0.317226768,0.504995227,0.000090177,0.000001988,0.000000244,0.242342740,0.224768594,0.393902987,0.418024838,0.018283155,0.147486806,0.142134428,0.027546233,0.019053880,0.012280046,0.452026278,0.201554820,0.002157450,0.002778843,0.000291650,0.054060597,0.076000549,0.000016223,0.000880015,0.000177341,0.000763948,0.171129197,0.111967914,0.011005802,0.001275215,0.026521182,0.017830448,0.002466054,0.004027383,0.041630264,0.000123649,0.003680470,0.005006715,0.002488738,0.100177199,0.000166947,0.000112951,0.108822279,0.010483570,0.011183282,0.017724905,0.000010566,0.000004360
0.000000769,0.005550727,0.000587552,0.304570735,0.313509017,0.510653257,0.000090562,0.000001997,0.000000237,0.246349737,0.225008696,0.403124928,0.424814790,0.018191686,0.149511442,0.142856330,0.027051963,0.018331138,0.011868266,0.447862566,0.204925239,0.002097657,0.002761248,0.000287241,0.054355502,0.078594066,0.000016253,0.000913921,0.000185235,0.000788817,0.162683696,0.105094917,0.010986186,0.001329336,0.026325339,0.017682821,0.002514306,0.004027852,0.041604094,0.000119756,0.003769777,0.004904922,0.002543493,0.102434322,0.000173485,0.000116460,0.108396344,0.009880780,0.011503497,0.018396672,0.000010135,0.000004228
0.000000793,0.005915737,0.000566554,0.302263707,0.314431995,0.520299613,0.000091951,0.000002097,0.000000236,0.249912396,0.227148786,0.413030565,0.434631675,0.015126607,0.171803743,0.163349420,0.023447324,0.017699633,0.011397340,0.451257735,0.215862483,0.002135045,0.002755925,0.000287094,0.057564974,0.082211845,0.000016742,0.000872687,0.000185805,0.000739009,0.181244671,0.121360019,0.011113646,0.001561657,0.027873080,0.018595336,0.002249083,0.003772208,0.046831090,0.000100443,0.003947577,0.004843867,0.002657176,0.108793594,0.000147643,0.000099104,0.102439009,0.010219082,0.011755498,0.018506909,0.000010770,0.000004525
0.000000374,0.000407379,0.000366230,0.524146378,0.623342812,0.409512937,0.000020254,0.000001204,0.000000147,0.094866663,0.058597349,0.190037251,0.171595439,0.083876878,0.054789197,0.043797679,0.083981358,0.044234060,0.049369413,0.309004009,0.216363057,0.006182911,0.011457548,0.000155052,0.006580656,0.004332365,0.000007097,0.000268544,0.000095741,0.001708616,0.059888255,0.036543377,0.004262401,0.001507660,0.004089666,0.001894240,0.002414669,0.015074391,0.070391349,0.000264912,0.002618341,0.000663277,0.010433028,0.070567742,0.000314434,0.000377535,0.047950055,0.009308549,0.003914037,0.008334541,0.000006108,0.000000863
0.000000376,0.000397125,0.000360783,0.528552294,0.627247930,0.413134873,0.000020620,0.000001205,0.000000147,0.097496428,0.061413903,0.194127604,0.175612748,0.082850590,0.055145171,0.044442583,0.083148882,0.043262064,0.047951922,0.315247715,0.222533986,0.006022086,0.010955825,0.000155662,0.006649734,0.004395179,0.000007148,0.000269574,0.000095879,0.001677765,0.059655897,0.036095608,0.004154714,0.001523723,0.004107849,0.001922089,0.002489044,0.014992445,0.068277888,0.000261980,0.002604841,0.000675013,0.010456716,0.070594765,0.000317849,0.000376893,0.049257088,0.009260083,0.004004057,0.008515883,0.000006145,0.000000870
0.000000379,0.000408003,0.000378802,0.522428632,0.624963343,0.406278670,0.000019938,0.000001214,0.000000144,0.099334739,0.063646950,0.193948224,0.176044211,0.082094215,0.056028008,0.044755314,0.082207449,0.043329276,0.047933623,0.310684323,0.224139348,0.005950818,0.010581551,0.000156768,0.006333163,0.004052111,0.000006958,0.000255656,0.000094524,0.001695499,0.062972285,0.038790725,0.004314946,0.001535531,0.003958527,0.001827782,0.002397244,0.015303250,0.072054856,0.000260282,0.002510182,0.000617563,0.010677371,0.072639935,0.000333322,0.000406380,0.049004737,0.010104724,0.004086234,0.008704971,0.000006349,0.000000874
0.000001293,0.000379881,0.000173794,0.560121179,0.566400051,0.526651144,0.000088348,0.000002425,0.000000396,0.413346261,0.413560718,0.649403572,0.641795695,0.019552125,0.168687522,0.154568538,0.026603328,0.007621643,0.004994438,0.525941610,0.342581868,0.001185988,0.000750158,0.000179771,0.017971551,0.124541782,0.000086400,0.004815675,0.000410213,0.001031978,0.015693784,0.015032106,0.004351417,0.000354038,0.011539932,0.014770322,0.012195063,0.011520982,0.020634597,0.001900729,0.020469269,0.019124474,0.008815595,0.054190096,0.000129030,0.000082344,0.003197698,0.004498996,0.002276949,0.002918669,0.000006021,0.000003403
0.000001293,0.000379881,0.000173794,0.560121179,0.566400051,0.526651144,0.000088348,0.000002425,0.000000396,0.413346261,0.413560718,0.649403572,0.641795695,0.019552125,0.168687522,0.154568538,0.026603328,0.007621643,0.004994438,0.525941610,0.342581868,0.001185988,0.000750158,0.000179771,0.017971551,0.124541782,0.000086400,0.004815675,0.000410213,0.001031978,0.015693784,0.015032106,0.004351417,0.000354038,0.011539932,0.014770322,0.012195063,0.011520982,0.020634597,0.001900729,0.020469269,0.019124474,0.008815595,0.054190096,0.000129030,0.000082344,0.003197698,0.004498996,0.002276949,0.002918669,0.000006021,0.000003403
0.000001273,0.000264173,0.000194874,0.576286674,0.633412480,0.469006866,0.000306591,0.000004338,0.000001547,0.230241522,0.059324194,0.534868121,0.534478247,0.038801212,0.117120184,0.103541881,0.027192127,0.009295541,0.009663634,0.399416357,0.157263398,0.002635462,0.010299699,0.001267634,0.026034845,0.140174791,0.000044782,0.001770618,0.001683217,0.003158938,0.027074153,0.021407906,0.006032891,0.000236270,0.120595552,0.154572383,0.043965645,0.028743034,0.001479181,0.001080117,0.005504944,0.015183679,0.001905069,0.067412697,0.011209593,0.007813149,0.055946887,0.022898566,0.074871615,0.083363853,0.000010940,0.000007893
0.000001221,0.000276925,0.000205460,0.562299013,0.628530860,0.467372179,0.000320159,0.000003943,0.000001439,0.237487167,0.065016665,0.542224169,0.541149974,0.036801569,0.119620487,0.107724197,0.027008485,0.009187050,0.009312740,0.405661553,0.163317040,0.002614617,0.009209113,0.001338216,0.027596310,0.142426580,0.000043568,0.001787208,0.001680382,0.003437375,0.023211667,0.018156696,0.005926817,0.000264109,0.132498085,0.163215727,0.044817451,0.031820528,0.001371666,0.000942227,0.005336930,0.015297186,0.001743351,0.061749980,0.012117167,0.008646180,0.052740477,0.022311490,0.069636330,0.078707762,0.000010562,0.000007864
0.000001092,0.000205593,0.000161863,0.585714400,0.668461263,0.518353224,0.000205408,0.000003017,0.000001208,0.189687386,0.052044645,0.484958172,0.476692528,0.035877891,0.126226589,0.113539271,0.023087094,0.010979809,0.011372700,0.383186132,0.147767842,0.003134802,0.010578468,0.000839620,0.020474441,0.125595436,0.000054821,0.001548067,0.001660666,0.002330943,0.008891019,0.008040708,0.006085155,0.000304364,0.104363188,0.133944616,0.040819008,0.029752042,0.001880098,0.001167289,0.005907106,0.015291212,0.002370248,0.074293330,0.003953073,0.002877890,0.012731957,0.011392892,0.066927500,0.065725058,0.000010474,0.000005654
0.000000618,0.000855837,0.000725269,0.409626931,0.505487561,0.354570389,0.000023805,0.000001315,0.000000141,0.322249174,0.317939818,0.648821175,0.632052541,0.136084065,0.032249119,0.025641905,0.132509142,0.006498602,0.004800178,0.379269719,0.381337315,0.001650179,0.000998077,0.000060573,0.012002402,0.006980266,0.000010973,0.000245180,0.000315730,0.000996048,0.048874963,0.030061996,0.001838568,0.001946577,0.002250762,0.001655405,0.006356233,0.008098896,0.050926708,0.000387193,0.008812983,0.002409088,0.078398302,0.275551319,0.000123233,0.000065474,0.021692561,0.001751871,0.014780165,0.024845153,0.000007195,0.000001294
0.000000677,0.000636534,0.000618568,0.446882963,0.523898840,0.353569686,0.000027472,0.000001412,0.000000167,0.324610114,0.305752397,0.644228578,0.623795390,0.132417142,0.033415973,0.027309636,0.127907813,0.006659852,0.005200865,0.395474225,0.394240320,0.001610938,0.001040005,0.000065016,0.015657114,0.009116609,0.000010727,0.000322761,0.000357173,0.001006356,0.040342722,0.023969719,0.001721010,0.002229108,0.002439176,0.001883994,0.008241853,0.008660169,0.039750770,0.000354239,0.010402584,0.003331454,0.080433354,0.265587986,0.000135128,0.000065679,0.022915224,0.001561955,0.015623652,0.025293922,0.000006439,0.000001306
0.000000690,0.000554184,0.000530637,0.462048322,0.533505559,0.358328104,0.000029334,0.000001526,0.000000178,0.344893008,0.317486018,0.659390271,0.638185501,0.141001970,0.032818772,0.025204847,0.135808960,0.006389186,0.004931792,0.393090755,0.389989644,0.001500481,0.000995440,0.000081950,0.012695646,0.008391227,0.000011687,0.000280694,0.000361624,0.001052885,0.048787005,0.030592272,0.001863425,0.001766922,0.002971075,0.002431496,0.008247849,0.009344066,0.031385936,0.000399386,0.008610116,0.003089085,0.067128241,0.265810311,0.000187412,0.000100205,0.023375513,0.002248183,0.021949627,0.035457917,0.000007350,0.000001427
0.000000561,0.000698120,0.000201188,0.419985354,0.544594526,0.538580656,0.000060532,0.000001765,0.000000298,0.260012537,0.214979917,0.504901290,0.509294510,0.021120472,0.205667794,0.207212672,0.010050025,0.011198172,0.010090297,0.386238903,0.294005454,0.002037558,0.002793570,0.000197278,0.028276894,0.040801562,0.000015470,0.000855323,0.000430912,0.001192548,0.089015327,0.056952205,0.003133548,0.000833472,0.013063226,0.011420171,0.008987259,0.009186911,0.014321614,0.000296656,0.010797196,0.008055760,0.007319982,0.075205967,0.000228176,0.000113406,0.045678053,0.003899404,0.005494592,0.006864973,0.000007776,0.000002258
0.000000563,0.000680412,0.000198901,0.417153209,0.547977090,0.536948204,0.000062073,0.000001729,0.000000301,0.259213120,0.212162226,0.505726576,0.508944154,0.021202819,0.208386093,0.210413754,0.009675077,0.011238128,0.010093850,0.386383653,0.294214070,0.002032663,0.002815341,0.000210261,0.026619941,0.039884679,0.000015084,0.000854199,0.000451823,0.001253391,0.087513372,0.057087578,0.003038491,0.000801075,0.013434351,0.011911414,0.009515615,0.009957386,0.012490116,0.000297731,0.010332575,0.007857502,0.006752756,0.070634887,0.000274191,0.000140506,0.044620845,0.004387909,0.005688153,0.007075179,0.000007775,0.000002298
0.000000594,0.000949210,0.000312706,0.367406696,0.508519113,0.487833470,0.000045211,0.000001939,0.000000293,0.246556550,0.208556309,0.481292009,0.494069368,0.016874773,0.235898420,0.235092819,0.009112577,0.012912405,0.011001304,0.394232601,0.292149752,0.002106688,0.003043588,0.000235799,0.007480397,0.016316554,0.000014478,0.000600239,0.000310846,0.001066556,0.187222451,0.140112817,0.003264920,0.000252811,0.005990680,0.005688693,0.005967609,0.006841289,0.018242924,0.000949938,0.004182103,0.002533049,0.005450996,0.072298884,0.000642998,0.000458110,0.102364019,0.018928638,0.008114026,0.012218440,0.000009579,0.000002229
0.000000692,0.000957456,0.000292372,0.371260643,0.498046786,0.491131932,0.000055619,0.000002351,0.000000353,0.256623566,0.206163734,0.488859534,0.501931548,0.018423799,0.228318021,0.230935052,0.008627942,0.011713478,0.010564093,0.381319761,0.295115024,0.001980699,0.003030348,0.000251500,0.014140590,0.028658735,0.000015899,0.000707478,0.000418245,0.001052280,0.195873186,0.151353329,0.004003389,0.000460373,0.011001283,0.010468662,0.007155729,0.008042130,0.015899638,0.000441115,0.007070711,0.004381421,0.005944577,0.082598902,0.000405037,0.000255151,0.073396206,0.013781435,0.008586991,0.011618299,0.000009893,0.000002856
0.000000522,0.000263790,0.000143585,0.618255734,0.626303792,0.466251194,0.000040987,0.000001396,0.000000333,0.256785989,0.174772948,0.462944329,0.464881778,0.057537079,0.090169832,0.071614973,0.037584931,0.011283952,0.013337566,0.325097620,0.380272239,0.002034465,0.003127030,0.000086011,0.052436016,0.038290024,0.000014127,0.001508538,0.000633952,0.000897666,0.019086378,0.009383095,0.001863264,0.002804455,0.003955855,0.003221842,0.015363091,0.007863817,0.031924121,0.000218046,0.027529454,0.020582506,0.024975836,0.063810095,0.000074030,0.000021801,0.041868560,0.000587901,0.001484310,0.001613626,0.000003580,0.000000959
0.000000543,0.000273628,0.000147477,0.612859726,0.622496426,0.464899898,0.000040308,0.000001406,0.000000330,0.258611262,0.175012603,0.465407938,0.467182487,0.056154143,0.092454873,0.073871702,0.036283810,0.011161978,0.013164997,0.327406406,0.380759746,0.002017447,0.003083096,0.000085443,0.048817646,0.037070822,0.000014237,0.001465946,0.000618717,0.000874653,0.021565456,0.010926035,0.001789257,0.002867833,0.003865074,0.003134085,0.015216714,0.008200768,0.029917726,0.000203746,0.027436053,0.019568879,0.026207486,0.066614725,0.000076417,0.000023364,0.040573984,0.000660459,0.001559690,0.001731033,0.000003621,0.000000992
0.000000176,0.003762056,0.000979619,0.176303148,0.390180826,0.457901031,0.000011496,0.000000227,0.000000100,0.386764258,0.219735116,0.408052474,0.443323940,0.049398504,0.111711971,0.097973578,0.030328507,0.013530632,0.014729535,0.453938454,0.415915579,0.001304251,0.002864599,0.000021335,0.088065088,0.034047134,0.000026282,0.003801189,0.001050408,0.002847583,0.000055598,0.000028710,0.005364064,0.030957570,0.000917657,0.000666099,0.001447732,0.001721506,0.938233078,0.000220953,0.090720870,0.091284707,0.016829466,0.004986932,0.000000392,0.000000112,0.000173687,0.000006193,0.000011997,0.000013972,0.000001209,0.000000099
0.000000163,0.004030397,0.000894144,0.198761910,0.365007341,0.437986344,0.000010893,0.000000226,0.000000093,0.406044006,0.220982566,0.398252457,0.432549685,0.038174093,0.149410263,0.137528867,0.019557720,0.013716202,0.015903385,0.422074676,0.431462079,0.001230885,0.002886679,0.000020002,0.088746384,0.036841717,0.000030554,0.003426932,0.000887513,0.003924486,0.000047377,0.000023770,0.005135423,0.026598692,0.001126022,0.000731952,0.001414078,0.002181775,0.931717336,0.000273484,0.099338926,0.120529421,0.016736008,0.005080348,0.000000326,0.000000103,0.000147332,0.000005243,0.000011032,0.000015269,0.000001210,0.000000089
0.000000157,0.003867168,0.000969143,0.198705196,0.384783328,0.435608298,0.000010022,0.000000234,0.000000102,0.439110458,0.221285090,0.444993973,0.484182835,0.039916381,0.135848179,0.126773015,0.024398528,0.010773691,0.014064512,0.396423906,0.440432191,0.001099443,0.003040342,0.000021003,0.093021005,0.029831259,0.000026094,0.003161418,0.001111694,0.003232931,0.000043285,0.000021549,0.006168682,0.035228703,0.000866801,0.000625493,0.001407824,0.001591990,0.951618433,0.000243817,0.085891269,0.099264622,0.016533682,0.005318213,0.000000361,0.000000098,0.000173222,0.000004885,0.000011728,0.000014471,0.000001284,0.000000087
0.000000164,0.000616399,0.000623543,0.343632936,0.645038545,0.366724908,0.000014632,0.000000608,0.000000139,0.432029217,0.268384039,0.562628627,0.594912767,0.035885468,0.130074203,0.117877811,0.026503161,0.007122507,0.010131761,0.427786231,0.421332240,0.001130626,0.001898963,0.000067324,0.032431379,0.021460986,0.000020042,0.001107523,0.000709808,0.002200289,0.000851910,0.000450778,0.011483603,0.002265001,0.003352731,0.002943178,0.002012156,0.002091281,0.723739862,0.001054666,0.013117208,0.006311343,0.007882750,0.016958879,0.000009886,0.000003443,0.001941085,0.000111338,0.000290222,0.000388834,0.000003767,0.000000323
0.000000178,0.000595494,0.000584140,0.355801105,0.646394849,0.377440155,0.000015961,0.000000705,0.000000151,0.421803594,0.264538646,0.566402078,0.597885489,0.036869373,0.123567671,0.111517020,0.028898219,0.007043023,0.009847071,0.430160165,0.414662391,0.001184045,0.001976237,0.000066962,0.039291885,0.025921583,0.000021286,0.001124066,0.000732252,0.001994961,0.000946760,0.000492895,0.013130134,0.002505874,0.003708229,0.003347048,0.001974978,0.001840016,0.743169069,0.000943369,0.014713253,0.007060829,0.008722426,0.020060953,0.000008379,0.000002686,0.002034109,0.000100279,0.000348161,0.000448020,0.000003933,0.000000359
0.000000180,0.000572129,0.000575826,0.357738197,0.652152300,0.379675478,0.000016114,0.000000721,0.000000152,0.419880241,0.264444888,0.566553891,0.597082973,0.035347220,0.128216460,0.116595760,0.027443537,0.007059619,0.009830493,0.426956028,0.412528574,0.001203766,0.001970979,0.000067395,0.038277205,0.026558191,0.000022158,0.001121071,0.000692823,0.001992790,0.001019531,0.000538513,0.013056637,0.002441128,0.003911773,0.003468163,0.001930622,0.001938289,0.733655691,0.000940924,0.014878892,0.007096644,0.008781784,0.020662965,0.000008234,0.000002729,0.001988284,0.000108341,0.000358464,0.000470991,0.000004012,0.000000371
0.000000549,0.000796599,0.000598519,0.360151231,0.514623940,0.365375429,0.000084331,0.000001631,0.000000317,0.384880126,0.186046854,0.371163279,0.384316534,0.031983037,0.108572632,0.096456170,0.033995755,0.014971785,0.024222447,0.446407408,0.440374941,0.001550663,0.002455779,0.000152934,0.160996631,0.248088732,0.000032673,0.001347140,0.000656614,0.001709138,0.012610049,0.009174783,0.002911439,0.016326675,0.062406812,0.071187638,0.003740920,0.010903679,0.077514373,0.000016362,0.054480415,0.017975904,0.022808408,0.066635095,0.000012303,0.000005300,0.001685461,0.000567843,0.003263693,0.003815232,0.000003907,0.000001966
0.000000552,0.000796852,0.000598196,0.360438615,0.514405370,0.365726918,0.000084285,0.000001634,0.000000318,0.384704292,0.186267450,0.370149106,0.383291930,0.031867072,0.108956046,0.096873097,0.033763297,0.015027660,0.024306726,0.447077006,0.440627962,0.001550022,0.002451303,0.000152301,0.160152733,0.248144224,0.000032833,0.001349936,0.000659299,0.001698318,0.012660878,0.009234634,0.002898615,0.016265269,0.062110674,0.071010232,0.003760082,0.010889490,0.077466160,0.000016439,0.054783974,0.018019820,0.022986986,0.066804171,0.000012263,0.000005276,0.001676506,0.000569064,0.003263070,0.003805984,0.000003912,0.000001967
0.000000558,0.000787396,0.000576947,0.365233511,0.517208576,0.369558781,0.000085442,0.000001665,0.000000319,0.383617967,0.183585465,0.367162824,0.380807102,0.032103106,0.108160853,0.095955096,0.034387112,0.015145196,0.024577653,0.449071318,0.442684263,0.001532089,0.002499278,0.000154673,0.164701313,0.244531587,0.000030223,0.001340670,0.000675071,0.001683871,0.012434565,0.008944592,0.002979082,0.016686345,0.060369119,0.069312871,0.003868450,0.010604851,0.076159388,0.000016140,0.053302310,0.017472092,0.022738006,0.069673747,0.000013332,0.000005623,0.001832240,0.000565580,0.003572832,0.004140158,0.000003895,0.000001968
0.000000541,0.000802340,0.000610438,0.359081924,0.515317559,0.360485613,0.000083975,0.000001620,0.000000316,0.393990189,0.191325203,0.377431035,0.391758561,0.032890193,0.106160618,0.093861103,0.035226788,0.014493373,0.023722926,0.448413163,0.441805035,0.001487969,0.002371058,0.000151677,0.162097156,0.244976550,0.000031803,0.001356378,0.000667426,0.001718466,0.011793800,0.008436926,0.002960984,0.016296299,0.060193140,0.069013819,0.003833795,0.010742974,0.079351537,0.000016959,0.054968785,0.018315351,0.022730960,0.066884406,0.000012347,0.000005205,0.001715840,0.000534747,0.003261433,0.003793466,0.000003846,0.000001928
0.000000661,0.013578317,0.005104745,0.266150117,0.099403046,0.177604526,0.000020253,0.000000473,0.000000113,0.414379478,0.533648252,0.590120375,0.598152936,0.235345766,0.013295576,0.017825289,0.213350937,0.008058800,0.005612900,0.601893306,0.448879004,0.000757936,0.000296335,0.000046801,0.032176148,0.008158390,0.000008115,0.000393470,0.000970527,0.000929399,0.004319701,0.002229710,0.003641464,0.003580953,0.001047817,0.001192107,0.009936973,0.002757282,0.108691387,0.000310633,0.006526431,0.004122384,0.017520633,0.091863252,0.000161537,0.000047382,0.009515422,0.000368801,0.001498138,0.001478553,0.000003826,0.000000895
0.000000659,0.012699453,0.004726924,0.274857551,0.102997482,0.186011910,0.000020570,0.000000479,0.000000110,0.405081272,0.529971778,0.577474356,0.585047364,0.248154417,0.012146483,0.016820230,0.224973381,0.008638405,0.005855546,0.612217188,0.443127334,0.000786733,0.000300192,0.000046861,0.031883501,0.008216541,0.000008462,0.000388551,0.000937504,0.000949553,0.004207167,0.002136766,0.003775440,0.003651312,0.001068193,0.001195336,0.009676524,0.002757373,0.110136122,0.000309764,0.006358444,0.004095994,0.017326631,0.093718618,0.000161153,0.000047622,0.009543291,0.000358758,0.001503251,0.001491707,0.000003810,0.000000882
0.000000371,0.005614199,0.006170413,0.294334888,0.137340009,0.114934735,0.000041469,0.000000955,0.000000408,0.426174194,0.248399377,0.602479696,0.620007873,0.034082092,0.125585720,0.109677456,0.030263368,0.005722423,0.007267640,0.329697669,0.209855154,0.000719863,0.002430073,0.000280581,0.020391023,0.034577131,0.000023442,0.000809306,0.001574705,0.000682837,0.005609648,0.003298720,0.011151101,0.001708035,0.010811409,0.013379837,0.015868234,0.003140569,0.024309738,0.000193210,0.002980730,0.002697847,0.001525805,0.060635298,0.002118028,0.000722747,0.044890054,0.001700850,0.005962114,0.004931079,0.000005122,0.000001601
0.000000244,0.006186625,0.006429105,0.311879039,0.124687254,0.103465244,0.000032542,0.000000680,0.000000318,0.464094281,0.265533745,0.660155058,0.679677963,0.056921609,0.084004551,0.064992078,0.054873105,0.004320360,0.005455674,0.329616517,0.207502395,0.000619835,0.002297053,0.000295718,0.018045833,0.019556161,0.000019976,0.000559914,0.001358981,0.001199781,0.002752213,0.001420422,0.010374241,0.001617346,0.009969396,0.010718505,0.014430094,0.004156897,0.026941026,0.000264153,0.002482648,0.002689890,0.001320992,0.039564893,0.001850858,0.000739117,0.032167740,0.001007621,0.003679225,0.003271429,0.000004658,0.000001160
0.000000434,0.005324856,0.005249118,0.339412063,0.149396583,0.123222351,0.000045666,0.000001031,0.000000447,0.446612120,0.248783931,0.627078056,0.645649493,0.036123309,0.116498783,0.099135920,0.035856735,0.004955603,0.006176463,0.337807089,0.207466483,0.000664666,0.002370564,0.000349837,0.016095594,0.032082584,0.000028901,0.000734839,0.001884854,0.000711299,0.004171664,0.002660075,0.013682603,0.001684819,0.012425815,0.016725143,0.020761261,0.003711089,0.021123607,0.000222861,0.002418224,0.002616728,0.001246188,0.062246140,0.003416759,0.001218556,0.034342170,0.002144028,0.007525888,0.006148480,0.000006071,0.000001912
0.000000354,0.003608501,0.004217348,0.379197955,0.142756850,0.134284928,0.000186284,0.000001011,0.000000421,0.332633436,0.399782777,0.678135991,0.643553555,0.018805662,0.231319547,0.249143884,0.008270089,0.005898465,0.003800520,0.317554116,0.257041395,0.001434204,0.000958598,0.000908822,0.009646030,0.129022911,0.000281425,0.000650406,0.005648362,0.004525335,0.000369273,0.000235533,0.039432045,0.001131301,0.191704333,0.262801468,0.027024681,0.009214475,0.014034274,0.000460865,0.001760299,0.005727830,0.000354622,0.069261678,0.014679674,0.007249608,0.012519970,0.001056918,0.064784795,0.059591994,0.000009538,0.000001675
0.000000389,0.003454817,0.004030290,0.382211268,0.147955731,0.143805146,0.000198853,0.000001101,0.000000457,0.320670724,0.370178580,0.679972947,0.646737456,0.014352259,0.260290146,0.277243972,0.007790574,0.005692227,0.003648829,0.308732212,0.242142200,0.001573939,0.001145990,0.000945266,0.009673775,0.132784963,0.000306151,0.000685319,0.006498928,0.005297929,0.000314794,0.000203746,0.040982932,0.001016752,0.188846380,0.254527926,0.030574135,0.010460308,0.013532052,0.000581069,0.001858345,0.005903441,0.000400036,0.076232225,0.015854115,0.008036883,0.010902167,0.000962524,0.069059320,0.063913301,0.000009559,0.000001877
0.000000390,0.003478707,0.004178302,0.381719470,0.145814568,0.137297332,0.000198424,0.000001079,0.000000459,0.324820995,0.374456286,0.675830185,0.643036544,0.014204360,0.262428045,0.278806001,0.007811967,0.005803132,0.003813628,0.301223457,0.244300097,0.001534367,0.001124255,0.000963592,0.009867219,0.136012644,0.000295485,0.000718177,0.006595330,0.005258497,0.000306488,0.000201146,0.041349091,0.001050834,0.186050102,0.250614256,0.030476369,0.010604765,0.013291980,0.000545243,0.001804844,0.005882616,0.000369274,0.073353432,0.017251497,0.008819853,0.011147204,0.001044275,0.065116517,0.060845256,0.000009345,0.000001872
0.000000349,0.006638684,0.004932319,0.368076801,0.104459777,0.109935708,0.000037588,0.000000793,0.000000622,0.409754336,0.364427626,0.711071193,0.699849725,0.117389977,0.107922524,0.036560722,0.039998915,0.004376608,0.003372167,0.315367699,0.232703507,0.000862985,0.001255185,0.000584880,0.005776401,0.008595017,0.000026830,0.000211523,0.001838373,0.000640858,0.009062306,0.006414789,0.008135048,0.001825199,0.009420120,0.017274577,0.017100852,0.004215237,0.016381735,0.000134323,0.001177367,0.001748884,0.000812162,0.040770601,0.013235046,0.005614084,0.126043379,0.018779527,0.008157024,0.008580753,0.000011086,0.000001556
0.000000339,0.006900128,0.005121723,0.359892696,0.103266813,0.109467857,0.000035942,0.000000792,0.000000625,0.412776560,0.360891461,0.715058684,0.705682278,0.112237997,0.111671366,0.039449897,0.037535980,0.004230530,0.003344912,0.314682007,0.235014632,0.000850199,0.001296672,0.000566055,0.006136010,0.008411951,0.000025543,0.000209830,0.001825275,0.000595512,0.009065334,0.006439411,0.008277749,0.001905396,0.009010072,0.016560173,0.016664531,0.003877680,0.017699318,0.000130828,0.001165199,0.001681486,0.000818424,0.040806245,0.012454363,0.005105089,0.125515625,0.017759208,0.007835949,0.007958388,0.000011150,0.000001546
0.000000335,0.005174480,0.003237580,0.406872302,0.123615310,0.146019921,0.000036638,0.000000840,0.000000656,0.391973406,0.310713470,0.714456618,0.703483820,0.093063332,0.126584440,0.054265913,0.030214623,0.004479872,0.003347916,0.322696805,0.184341088,0.001041518,0.001843801,0.000566489,0.007250662,0.007450034,0.000022446,0.000187058,0.002091144,0.000512545,0.009651476,0.007164990,0.008390346,0.002177149,0.007878782,0.015045937,0.019150991,0.003500061,0.017061096,0.000122749,0.001231652,0.001797078,0.000960348,0.043451875,0.011937886,0.004298386,0.117566630,0.015004477,0.008014886,0.006768222,0.000013058,0.000001647
0.000000331,0.006416738,0.004145385,0.370906383,0.117170468,0.134155020,0.000038233,0.000000791,0.000000655,0.403955817,0.338031948,0.725360870,0.716194749,0.112879030,0.120260268,0.040410619,0.034500103,0.003962897,0.002934393,0.310020298,0.203987420,0.000911637,0.001523931,0.000601031,0.006705266,0.008203829,0.000025056,0.000187009,0.001999718,0.000590693,0.008522428,0.006055507,0.008281809,0.002035634,0.009628472,0.018053098,0.018631028,0.003938676,0.016097594,0.000126363,0.001137448,0.001873314,0.000817879,0.041564763,0.012983279,0.005054567,0.123641618,0.016486397,0.009020023,0.008568281,0.000012705,0.000001646
0.000000217,0.005469391,0.002609852,0.383377910,0.179485127,0.183665782,0.000063928,0.000000810,0.000000524,0.268337339,0.188389421,0.651510954,0.757245123,0.303350180,0.197961271,0.007997897,0.020523917,0.004715869,0.001716611,0.341157347,0.121997997,0.001611458,0.003776247,0.000960183,0.014451099,0.019585334,0.000037477,0.000161993,0.000645620,0.002167744,0.005878240,0.002723935,0.031862024,0.001777996,0.087580144,0.085996509,0.007459810,0.007604358,0.024934964,0.000159006,0.000970484,0.002736540,0.000517844,0.066554807,0.005030715,0.002864707,0.077839673,0.004278476,0.039724778,0.043244258,0.000014967,0.000001847
0.000000220,0.004996720,0.002526483,0.398002982,0.182589024,0.185580403,0.000066360,0.000000786,0.000000546,0.271028519,0.189641565,0.651837349,0.758785248,0.339628547,0.201904282,0.006507145,0.020993520,0.004748283,0.001695581,0.345714658,0.123049036,0.001594022,0.003773199,0.001032503,0.014104757,0.019699071,0.000038620,0.000165868,0.000668166,0.002230186,0.005437523,0.002535303,0.031149978,0.001704997,0.092030823,0.093407847,0.007923265,0.008016119,0.023059806,0.000166478,0.000978713,0.002870409,0.000486348,0.062009305,0.005581828,0.003208842,0.074210800,0.004550375,0.039547820,0.042287666,0.000014917,0.000001846
0.000000351,0.001238373,0.001129276,0.513908029,0.323299646,0.215990201,0.000042483,0.000001222,0.000001279,0.134031564,0.038430389,0.645876288,0.641377449,0.133470327,0.051917329,0.024187682,0.089512117,0.004344368,0.004161821,0.176636517,0.058019955,0.004595619,0.018355347,0.000713342,0.001864218,0.005828152,0.000066347,0.000050919,0.006495013,0.000476088,0.005228661,0.006278747,0.010925289,0.000324126,0.050395694,0.149068937,0.032571137,0.003708493,0.023669364,0.001680652,0.001752296,0.001938962,0.003120492,0.102860510,0.001838190,0.000703798,0.006540315,0.005516282,0.126917198,0.062254172,0.000030389,0.000002574
0.000000347,0.001215089,0.001127082,0.519843102,0.319822967,0.214799970,0.000041601,0.000001207,0.000001240,0.127380371,0.038986888,0.641361833,0.634454191,0.127373859,0.054479457,0.026095774,0.083251901,0.004551991,0.004240425,0.178369135,0.059485923,0.004894989,0.018019918,0.000711078,0.001848028,0.005630210,0.000065636,0.000048904,0.006139387,0.000470580,0.005219438,0.006243418,0.011136781,0.000321238,0.051071089,0.149951935,0.031471666,0.003676374,0.024229871,0.001698655,0.001679110,0.001865477,0.003120109,0.104240634,0.001851165,0.000723462,0.006592602,0.005648689,0.131150365,0.065957703,0.000030850,0.000002493
0.000000343,0.001336411,0.001376437,0.499471724,0.310932875,0.198188514,0.000039536,0.000001165,0.000001192,0.124145925,0.039617926,0.633392096,0.625449538,0.120812118,0.060495142,0.028610623,0.071451336,0.004677400,0.004358353,0.175599635,0.059617814,0.004981762,0.017528754,0.000649795,0.001922039,0.005933370,0.000065883,0.000051307,0.005627439,0.000476075,0.005334996,0.006288403,0.011202144,0.000318305,0.046716876,0.136067078,0.029052943,0.003567586,0.025400816,0.001710110,0.001705865,0.001916373,0.003119328,0.103574015,0.001621307,0.000641577,0.006352304,0.005299117,0.118910626,0.060855582,0.000030203,0.000002436
0.000000298,0.014701333,0.043192066,0.158887655,0.068036482,0.031683378,0.000025518,0.000000587,0.000000561,0.534903824,0.409545898,0.704308271,0.718934417,0.046273887,0.157458827,0.121367484,0.015668178,0.003147664,0.004560163,0.281818151,0.298270494,0.000551095,0.001031872,0.000405680,0.003344151,0.006242090,0.000027326,0.000106263,0.002871097,0.000989849,0.009788821,0.007213847,0.003850291,0.000748546,0.011656334,0.023705319,0.031460695,0.005674053,0.012315754,0.000333964,0.001697809,0.000875288,0.001298763,0.037143890,0.009002829,0.004056256,0.036958784,0.008794305,0.008790975,0.007328410,0.000011202,0.000001457
0.000000352,0.016180275,0.045330931,0.150994822,0.064914629,0.032078188,0.000030174,0.000000673,0.000000644,0.540562510,0.414139569,0.716168821,0.731028557,0.045411479,0.159761474,0.124174342,0.015090115,0.002901749,0.004224062,0.274429113,0.298040450,0.000543491,0.001026215,0.000435636,0.003528615,0.007630358,0.000029695,0.000111301,0.003458078,0.000893968,0.013327993,0.010231069,0.004113384,0.000835845,0.013551665,0.029059261,0.033384025,0.005438955,0.009873776,0.000258409,0.001827603,0.001073221,0.001317482,0.045180954,0.010489335,0.004487134,0.042729679,0.010325937,0.013265813,0.010647438,0.000011549,0.000001797
0.000000325,0.016806183,0.047457717,0.147922918,0.062862903,0.030822253,0.000026422,0.000000594,0.000000603,0.543211281,0.416884750,0.709454596,0.724649906,0.047439605,0.153164044,0.118252523,0.016328597,0.003051867,0.004451897,0.278903335,0.296361804,0.000538635,0.001007966,0.000414868,0.003325434,0.006084139,0.000025759,0.000103385,0.003255162,0.000907087,0.011295560,0.008644693,0.003798282,0.000813101,0.011024842,0.023338428,0.032859989,0.005486076,0.011469269,0.000288434,0.001688323,0.000900569,0.001299279,0.038518697,0.010687852,0.004658991,0.040690526,0.010422263,0.009849499,0.007955839,0.000011417,0.000001590
0.000000475,0.003179230,0.001614984,0.412645251,0.253781557,0.324816108,0.000040842,0.000001253,0.000001563,0.378442287,0.262760550,0.647576213,0.676288366,0.019938808,0.272128075,0.286698729,0.007739942,0.004172273,0.005420716,0.216834560,0.227651507,0.001226051,0.003369300,0.000625548,0.001437461,0.002991000,0.000067735,0.000035886,0.014504792,0.000285152,0.011707010,0.011819747,0.004111266,0.006324757,0.011539383,0.039743867,0.086331844,0.003832500,0.012270872,0.000049504,0.001371518,0.000927557,0.001877758,0.095834173,0.047556177,0.009139833,0.130849034,0.030319778,0.030878056,0.010417032,0.000035763,0.000002314
0.000000496,0.003199679,0.001601266,0.417209476,0.252012014,0.316604525,0.000041446,0.000001292,0.000001616,0.377367646,0.253554702,0.643703580,0.674362242,0.020291355,0.272427887,0.285676807,0.007574538,0.004154906,0.005551370,0.214298502,0.227781057,0.001228045,0.003504564,0.000634781,0.001528688,0.003253391,0.000069079,0.000039082,0.015104092,0.000275398,0.011502462,0.011717795,0.004314311,0.006265765,0.012009613,0.042082202,0.089954831,0.003751931,0.012142348,0.000050702,0.001406107,0.001009247,0.001834497,0.095905557,0.044970017,0.008381927,0.120340094,0.028100913,0.030977085,0.010039936,0.000036099,0.000002405
0.000000552,0.004058751,0.001974874,0.383242697,0.220253468,0.296022296,0.000044351,0.000001450,0.000001632,0.394430548,0.286507905,0.650044799,0.681274354,0.020560537,0.270829648,0.282964051,0.007559731,0.004077995,0.005453882,0.228262439,0.233181253,0.001077369,0.002962640,0.000597403,0.001657770,0.004000947,0.000077098,0.000049077,0.013262045,0.000224586,0.013699582,0.014076022,0.004922352,0.004259155,0.011740744,0.044587839,0.089609772,0.003151787,0.014117467,0.000073281,0.001463536,0.001064677,0.001895628,0.106027156,0.040090911,0.007234096,0.128825963,0.027990973,0.032432731,0.010479263,0.000036560,0.000002684
0.000000364,0.003064717,0.003365427,0.400012672,0.225850374,0.179705843,0.000013928,0.000000343,0.000000388,0.309826165,0.372297496,0.686924577,0.660237074,0.084466942,0.110491492,0.059926901,0.035272144,0.004933513,0.003060890,0.251655698,0.122409135,0.001836246,0.001573618,0.000147185,0.000278681,0.000479104,0.000059678,0.000026865,0.006661338,0.003284609,0.004783344,0.003217841,0.000356884,0.000094431,0.000694344,0.001415361,0.215863094,0.021499064,0.006284843,0.011521409,0.002830371,0.000556177,0.015328628,0.023787061,0.017437883,0.008022662,0.023093831,0.004859379,0.001110081,0.000866808,0.000022633,0.000000703
0.000000377,0.002962145,0.003239444,0.398748249,0.238103777,0.185634732,0.000014465,0.000000350,0.000000383,0.295861453,0.379812360,0.682996154,0.653864145,0.086062782,0.106169783,0.057679940,0.037474487,0.005140492,0.003065644,0.254815131,0.120308854,0.001954117,0.001521545,0.000149619,0.000247868,0.000455748,0.000061660,0.000025165,0.006448298,0.003297298,0.005323758,0.003579372,0.000350098,0.000087989,0.000707727,0.001424521,0.218429729,0.022253849,0.006153030,0.012221497,0.002732425,0.000527450,0.015701843,0.024675433,0.018995315,0.008845059,0.025041370,0.005351405,0.001206408,0.000958575,0.000023917,0.000000723
0.000000432,0.003483161,0.003708802,0.323740542,0.225312188,0.184194326,0.000015380,0.000000332,0.000000427,0.344449848,0.444367975,0.703011632,0.679931402,0.069237888,0.142040074,0.080716386,0.024035409,0.004711211,0.002840343,0.277134985,0.140316442,0.001563223,0.001050421,0.000144255,0.000195011,0.000480135,0.000069011,0.000028841,0.007885074,0.003180333,0.006166598,0.004390410,0.000285391,0.000097062,0.000645122,0.001462432,0.243327454,0.024012070,0.005121914,0.009609620,0.003124972,0.000578236,0.017481098,0.022165097,0.023631427,0.010549380,0.027226709,0.007407188,0.001191573,0.000989242,0.000022597,0.000000724
0.000000301,0.011964892,0.010289175,0.111843169,0.222020090,0.145644158,0.000010233,0.000000311,0.000000360,0.399194628,0.361209005,0.658819795,0.692071676,0.035086557,0.180863574,0.176863849,0.012841550,0.003788406,0.005040828,0.230115563,0.266277939,0.000911822,0.001671644,0.000104642,0.000666417,0.000503458,0.000016652,0.000036076,0.007862307,0.001155207,0.007967458,0.006274431,0.000473375,0.000524117,0.000564907,0.001409974,0.110479265,0.007940800,0.017979506,0.001420321,0.003095481,0.000223794,0.018912474,0.035783421,0.008827723,0.002778250,0.022643998,0.003343069,0.001660439,0.000793873,0.000013165,0.000000690
0.000000329,0.013048940,0.011524359,0.108159214,0.210680246,0.135943860,0.000010388,0.000000313,0.000000377,0.406050533,0.360103250,0.656853676,0.691564560,0.039331432,0.159638181,0.152124435,0.015897436,0.003747008,0.005155607,0.229367554,0.270019531,0.000865913,0.001631633,0.000098033,0.000722904,0.000548803,0.000015752,0.000039754,0.008333365,0.001165949,0.008768073,0.006953439,0.000413848,0.000544574,0.000522045,0.001347035,0.117635690,0.008616602,0.015424524,0.001307051,0.003815423,0.000251542,0.023574019,0.036706004,0.007637612,0.002407472,0.020810569,0.003217631,0.001653006,0.000773744,0.000011647,0.000000723
0.000000328,0.011565153,0.010609060,0.115303956,0.219366208,0.135575488,0.000010929,0.000000333,0.000000374,0.390068322,0.359484881,0.655135155,0.686795592,0.035480052,0.178576991,0.172265694,0.012893293,0.003838277,0.005049909,0.230595261,0.268960416,0.000936087,0.001612092,0.000105332,0.000646969,0.000581070,0.000017913,0.000039996,0.007942189,0.001309731,0.009868713,0.007813619,0.000409896,0.000400320,0.000614439,0.001517552,0.122946069,0.009620246,0.013714325,0.001668740,0.003840066,0.000258330,0.021244710,0.034712855,0.008660214,0.002907683,0.022578042,0.003680337,0.001541929,0.000783039,0.000012312,0.000000746
0.000000162,0.014370984,0.012764731,0.162430391,0.108604088,0.099611640,0.000035310,0.000000387,0.000000404,0.418075979,0.319069743,0.552553654,0.591793180,0.031695332,0.242551640,0.192628160,0.006946308,0.005533149,0.007652679,0.190383077,0.301134735,0.000720087,0.001794768,0.000282456,0.014710545,0.021012213,0.000040023,0.000247663,0.003431624,0.001687619,0.001666226,0.000691306,0.004988261,0.001201365,0.022319559,0.049405567,0.031248776,0.002563445,0.028853819,0.000358046,0.003106999,0.003108431,0.000843600,0.024912639,0.001341840,0.000313408,0.031650156,0.000429134,0.002851211,0.001822972,0.000007914,0.000000697
0.000000164,0.014091338,0.012704351,0.166758537,0.109480888,0.100684226,0.000035540,0.000000411,0.000000413,0.432707578,0.329165548,0.563633561,0.603135109,0.031871822,0.241571933,0.191099092,0.007073709,0.005238474,0.007377601,0.188344702,0.302413672,0.000674790,0.001713850,0.000280389,0.015566722,0.021205494,0.000039280,0.000248618,0.003327702,0.001718917,0.001734250,0.000710562,0.005062517,0.001078283,0.022361983,0.048983749,0.031654164,0.002549609,0.030209068,0.000411634,0.003174392,0.002983117,0.000892119,0.026629858,0.001390843,0.000323233,0.033510968,0.000432279,0.002964633,0.001908703,0.000008101,0.000000707
0.000000160,0.012307723,0.011417575,0.180050299,0.122363910,0.105921850,0.000036059,0.000000434,0.000000386,0.461791813,0.355793476,0.590220988,0.627857924,0.032660965,0.229998678,0.181868449,0.007836224,0.004776338,0.006644365,0.192009583,0.307608545,0.000606110,0.001461979,0.000278347,0.014645120,0.020202855,0.000043319,0.000234107,0.002974787,0.001952990,0.001614636,0.000635805,0.005392135,0.000785294,0.023544917,0.049839173,0.031826094,0.002653124,0.033336900,0.000636583,0.003063011,0.002871803,0.000963811,0.029400622,0.001401093,0.000333736,0.032720637,0.000388468,0.003318290,0.002217303,0.000008556,0.000000691
0.000000073,0.004927339,0.005125438,0.214875385,0.191995159,0.124026477,0.000016300,0.000000091,0.000000144,0.359817237,0.404504389,0.667897761,0.688826978,0.108236611,0.069121212,0.041709546,0.056438401,0.004554418,0.004198203,0.208497137,0.291473806,0.001196684,0.000941751,0.000143540,0.013403363,0.005712637,0.000017524,0.000140102,0.003484870,0.017145744,0.000070292,0.000029691,0.004377150,0.002642826,0.007505447,0.008612150,0.012114581,0.008115442,0.120410420,0.000845931,0.003482057,0.005502636,0.001379256,0.007163087,0.000210759,0.000100022,0.001556920,0.000063626,0.000421453,0.000659969,0.000004824,0.000000202
0.000000072,0.004948829,0.004979904,0.211169854,0.190288797,0.133567259,0.000017014,0.000000093,0.000000151,0.361754298,0.400127321,0.679515481,0.701827049,0.094038263,0.082641944,0.053297233,0.042797636,0.004301599,0.003969270,0.215714201,0.301143587,0.001213528,0.000971273,0.000148460,0.015614914,0.006232266,0.000017393,0.000139623,0.003883707,0.016869593,0.000059139,0.000024951,0.005050336,0.003028689,0.008223020,0.009811920,0.012612888,0.007434933,0.128262222,0.000779001,0.003315070,0.005894127,0.001215203,0.007285373,0.000214849,0.000094864,0.001572051,0.000059313,0.000448234,0.000667094,0.000005060,0.000000203
0.000000081,0.008316985,0.007678138,0.159064293,0.154123902,0.118894033,0.000012979,0.000000077,0.000000148,0.362668902,0.392994612,0.672261655,0.701535404,0.122535318,0.066626333,0.035422035,0.063429028,0.004235549,0.003988723,0.214242890,0.294757456,0.001188075,0.001024706,0.000110170,0.013515295,0.004462042,0.000018577,0.000140600,0.005491659,0.019736743,0.000025490,0.000011589,0.004688880,0.002239404,0.003764437,0.005058793,0.012903833,0.005550464,0.216126278,0.001773506,0.003612551,0.005918858,0.001678669,0.006755994,0.000150475,0.000063184,0.000728013,0.000039143,0.000271007,0.000344284,0.000004730,0.000000175
0.000000078,0.008483173,0.008232372,0.148711130,0.155337334,0.113956392,0.000012372,0.000000076,0.000000145,0.348457485,0.386257261,0.666361690,0.695344567,0.110354349,0.080193907,0.042805780,0.047866788,0.004388968,0.004016540,0.215406507,0.296831906,0.001264218,0.001049696,0.000105527,0.012708683,0.004524749,0.000019648,0.000151205,0.005034666,0.019421406,0.000026207,0.000011634,0.004791091,0.002116588,0.003660413,0.004846419,0.012236945,0.005311127,0.229479566,0.001889363,0.003512635,0.005722452,0.001608831,0.006450944,0.000143535,0.000060588,0.000785495,0.000038951,0.000250474,0.000328655,0.000004695,0.000000164
0.000000452,0.017405845,0.029958542,0.077142075,0.092851415,0.051886003,0.000030143,0.000000346,0.000000415,0.475071609,0.577061951,0.612785637,0.606223285,0.050514851,0.182533160,0.119143471,0.012459893,0.008450156,0.006785183,0.328527898,0.340094239,0.000997219,0.000338833,0.000250815,0.004500362,0.007190519,0.000025210,0.000161833,0.003723214,0.000205828,0.008454284,0.006718551,0.010926561,0.000629162,0.006522493,0.027450066,0.031089505,0.001067150,0.085651144,0.000565175,0.001561038,0.000833742,0.001705709,0.046671085,0.001574150,0.000314842,0.032205023,0.003073942,0.007674172,0.005336454,0.000017137,0.000001117
0.000000489,0.017477339,0.031776715,0.077510491,0.096230939,0.053509284,0.000035719,0.000000431,0.000000468,0.514806390,0.591060400,0.648653746,0.649940252,0.033017889,0.212109149,0.183565348,0.008888258,0.006615326,0.006005649,0.327655494,0.345024645,0.000821402,0.000316198,0.000267416,0.005318034,0.008571861,0.000024666,0.000163322,0.003933088,0.000245844,0.010681083,0.008273710,0.010725758,0.000698531,0.008106836,0.034683205,0.034553327,0.001322640,0.066604525,0.000480986,0.001793543,0.000912628,0.001924254,0.064282253,0.002150324,0.000435631,0.038904209,0.003250589,0.011294425,0.007840881,0.000017622,0.000001334
0.000000538,0.016737206,0.012410278,0.078627698,0.157376572,0.086724557,0.000046331,0.000000655,0.000000152,0.326432824,0.311785996,0.649498343,0.657446146,0.018489767,0.139456123,0.153611124,0.032602314,0.006814018,0.005630938,0.310155153,0.350416154,0.001773872,0.001460712,0.000235819,0.002396388,0.005772076,0.000016997,0.000080173,0.000792402,0.010435283,0.026394781,0.036172293,0.000599540,0.000060666,0.014786129,0.016863139,0.004469636,0.024879890,0.005919029,0.003703898,0.007453899,0.001436689,0.012807967,0.084630430,0.001127158,0.001985559,0.001317923,0.022271248,0.014583100,0.030766917,0.000007856,0.000003615
0.000000466,0.010830253,0.004645800,0.139045075,0.137704417,0.120114446,0.000034316,0.000000410,0.000000102,0.282977194,0.339948982,0.548956692,0.540105462,0.020833256,0.133492038,0.139125064,0.032779269,0.013572971,0.009988488,0.376040995,0.364770383,0.002165529,0.001026412,0.000169759,0.003223379,0.005043275,0.000010144,0.000110791,0.000887817,0.003887168,0.014468958,0.016812077,0.000968656,0.000221433,0.007630109,0.010429175,0.006783092,0.013956293,0.012401567,0.001197843,0.005104894,0.001004816,0.012777315,0.068688512,0.000701878,0.000637854,0.002024541,0.006595055,0.008702272,0.015035708,0.000006191,0.000001801
0.000000387,0.010831719,0.004600628,0.130651534,0.139331415,0.122922212,0.000039829,0.000000445,0.000000106,0.281310678,0.321763456,0.561074257,0.560177982,0.028806204,0.104775317,0.111596882,0.040101115,0.012078078,0.009582483,0.365967989,0.364297271,0.002116724,0.001176244,0.000176678,0.005371888,0.009507314,0.000012311,0.000150347,0.000804853,0.004555592,0.009699078,0.009842883,0.001389317,0.000267441,0.013278834,0.017828945,0.006236319,0.013603349,0.014028277,0.000973609,0.006152773,0.001726493,0.009624331,0.063839607,0.000408029,0.000334783,0.001898117,0.003493014,0.008575892,0.015257145,0.000005279,0.000001768
0.000000781,0.015343317,0.023286773,0.075155243,0.163997546,0.058603045,0.000036026,0.000000371,0.000000225,0.417709827,0.279992998,0.551993489,0.555365503,0.084209584,0.024526132,0.052018665,0.143910438,0.007484009,0.008790285,0.336710364,0.381173879,0.001114476,0.001021010,0.000042769,0.027439857,0.019523688,0.000007508,0.000622285,0.003379086,0.006909915,0.001516522,0.001161422,0.000668561,0.009785387,0.002147886,0.002956916,0.050379790,0.073621929,0.015946943,0.000083718,0.127783954,0.041380920,0.076252677,0.042327311,0.000095925,0.000040742,0.000950345,0.000269141,0.000362686,0.000512631,0.000001097,0.000001252
0.000000930,0.014429803,0.022565791,0.077391177,0.164606914,0.060138822,0.000040873,0.000000410,0.000000249,0.448115826,0.294820368,0.580239594,0.581135690,0.122986205,0.016776141,0.038950030,0.185235724,0.006544808,0.007791064,0.336852312,0.395206749,0.001014257,0.000825491,0.000048031,0.028426815,0.023651881,0.000007555,0.000721667,0.003310452,0.005181466,0.002391510,0.002211294,0.000577167,0.012263226,0.002842934,0.003924604,0.049676891,0.091603622,0.009239540,0.000046155,0.133266494,0.044215120,0.074417815,0.045387160,0.000120761,0.000058328,0.000810021,0.000564689,0.000521512,0.000652084,0.000001076,0.000001650
0.000000953,0.013948159,0.020957759,0.080834821,0.169618756,0.063009880,0.000041436,0.000000436,0.000000260,0.442820549,0.286361009,0.574397326,0.577468336,0.116542973,0.017202018,0.040692098,0.181907818,0.006507213,0.007934844,0.328699946,0.396031439,0.001022278,0.000874206,0.000049435,0.027979804,0.023798317,0.000007665,0.000704412,0.003327422,0.004952693,0.002663324,0.002496444,0.000575306,0.011796627,0.002985026,0.004144624,0.049914509,0.090267442,0.008923309,0.000046678,0.131497964,0.042979680,0.074688993,0.047612090,0.000123185,0.000059585,0.000835557,0.000611300,0.000562686,0.000693185,0.000001123,0.000001760
0.000000608,0.001682219,0.006388932,0.167616978,0.420188457,0.064850077,0.000055577,0.000000489,0.000000156,0.318241149,0.246163473,0.460998774,0.447289586,0.081245080,0.047932111,0.056691453,0.080758370,0.011979462,0.016311649,0.313064516,0.509712100,0.001749054,0.001275563,0.000280429,0.009640652,0.002634756,0.000001605,0.000095734,0.002665375,0.007713769,0.028952265,0.020911569,0.000480330,0.003504471,0.006081556,0.006228572,0.062409487,0.111460365,0.001550934,0.000059064,0.007537736,0.001421515,0.033152636,0.071448192,0.012328875,0.007599124,0.032490458,0.005957405,0.029110191,0.033576775,0.000003740,0.000001695
0.000000607,0.001679849,0.005759111,0.170107186,0.422148913,0.068529420,0.000050589,0.000000505,0.000000154,0.337136447,0.248640075,0.466280252,0.454226822,0.087304920,0.045761831,0.053655103,0.085314885,0.011512908,0.016513139,0.305410028,0.520689428,0.001613547,0.001254522,0.000261171,0.010170893,0.002664455,0.000001585,0.000099415,0.002581525,0.007206188,0.033959273,0.025359143,0.000473708,0.003663773,0.005488629,0.005523892,0.055897780,0.103715509,0.001703069,0.000053517,0.007841983,0.001363836,0.035078432,0.071614206,0.010492151,0.006529498,0.030286619,0.006291979,0.024327520,0.028053541,0.000003652,0.000001709
0.000000697,0.002804488,0.007911523,0.131080806,0.356024235,0.064835586,0.000057735,0.000000490,0.000000149,0.349243551,0.283647537,0.451571524,0.433631212,0.061203428,0.066437259,0.068259455,0.062246993,0.012727506,0.017971020,0.312003613,0.529592395,0.001557612,0.000950737,0.000248697,0.016222082,0.004243944,0.000001359,0.000161509,0.001860559,0.005657518,0.060849342,0.044222578,0.000545117,0.004428663,0.006046860,0.005616914,0.041400228,0.081980884,0.002206618,0.000032088,0.009726171,0.001695673,0.030505227,0.067264847,0.005909842,0.003469844,0.043135937,0.006805819,0.017547946,0.021024816,0.000003187,0.000001856
0.000000891,0.012580078,0.029428987,0.090047382,0.168161526,0.049918961,0.000065698,0.000000916,0.000000259,0.300326973,0.293883711,0.476036757,0.483569592,0.042131696,0.053345349,0.080705531,0.075716436,0.010731578,0.011471393,0.343337595,0.391810834,0.001861003,0.000953206,0.000109497,0.098525047,0.078435466,0.000006357,0.001116819,0.000725678,0.002428347,0.021784574,0.015804982,0.002120486,0.002211642,0.018271543,0.024174122,0.009658628,0.019124784,0.041622449,0.000130014,0.076785624,0.011479658,0.038551770,0.076889187,0.000037165,0.000017442,0.002494891,0.000874331,0.002928923,0.005160652,0.000002236,0.000002957
0.000000751,0.015782220,0.035257541,0.071846403,0.157166407,0.046058327,0.000042764,0.000000707,0.000000205,0.298456818,0.302695990,0.458866954,0.468942314,0.039553173,0.055104278,0.085292585,0.075271554,0.011550788,0.012037890,0.338400900,0.394361913,0.001863358,0.000898267,0.000078763,0.052319795,0.045235865,0.000008266,0.000785533,0.000617694,0.002127426,0.014922856,0.010443836,0.002045883,0.001670846,0.010193643,0.012794787,0.007763195,0.014563289,0.070347197,0.000245744,0.060253330,0.009149239,0.041425269,0.072286643,0.000026161,0.000012552,0.002125111,0.000677015,0.001855123,0.003608386,0.000002308,0.000002057
0.000000733,0.015650015,0.035491068,0.073249452,0.154846787,0.046892915,0.000039514,0.000000699,0.000000199,0.303852826,0.303780228,0.460124969,0.469162166,0.045506742,0.048777442,0.076753899,0.082029283,0.011481120,0.011997942,0.341311812,0.399489224,0.001806317,0.000887783,0.000071027,0.051138822,0.043186653,0.000008205,0.000851213,0.000602121,0.002034505,0.014900497,0.010400347,0.001944010,0.001596893,0.008727866,0.010844145,0.007459556,0.014056825,0.080474868,0.000268899,0.064367741,0.008987313,0.043556958,0.066207349,0.000023147,0.000011087,0.002091751,0.000655991,0.001462575,0.002793755,0.000002175,0.000001910
0.000001221,0.002148917,0.003733674,0.390382588,0.176980987,0.077863730,0.000576040,0.000000912,0.000000554,0.376248389,0.285736829,0.472245276,0.415330321,0.038827743,0.098319992,0.093432203,0.042434856,0.018896809,0.016851470,0.553722024,0.477263570,0.001663209,0.001014908,0.001496174,0.141882688,0.093146235,0.000005251,0.001292585,0.003644387,0.010388163,0.009004368,0.004762799,0.001235953,0.005112369,0.219978943,0.267994910,0.139388621,0.178084314,0.000240500,0.000022975,0.026949447,0.031532709,0.005084964,0.037923094,0.024942432,0.013083135,0.057768896,0.003549094,0.038635217,0.048587848,0.000002434,0.000004433
0.000001148,0.002227640,0.003840716,0.386612564,0.175945550,0.076579176,0.000588637,0.000000893,0.000000566,0.386573672,0.278748006,0.468144536,0.409821570,0.039493568,0.098166838,0.092315815,0.042580102,0.018967226,0.017671088,0.547130585,0.481345534,0.001588633,0.001076935,0.001655626,0.137487963,0.087635830,0.000005382,0.001200357,0.003992710,0.010761689,0.007873648,0.004190575,0.001387596,0.005511728,0.248446792,0.295293778,0.134273276,0.172413945,0.000258465,0.000020551,0.024672829,0.030153975,0.004393882,0.036433805,0.030513281,0.016036443,0.062852636,0.003661302,0.043710902,0.053642072,0.000002450,0.000004353
0.000001225,0.002186465,0.003800157,0.386346072,0.169312000,0.076189153,0.000590768,0.000000916,0.000000562,0.385624915,0.278737962,0.470971346,0.412074476,0.042453680,0.094471477,0.086661242,0.044119354,0.018925628,0.017485481,0.548546791,0.485963583,0.001578928,0.001047994,0.001627111,0.140328795,0.089411445,0.000005396,0.001255682,0.004005556,0.010786663,0.007765356,0.004164118,0.001356999,0.005169195,0.244319141,0.298892468,0.144839466,0.181461871,0.000244079,0.000022491,0.025713542,0.030296985,0.004900560,0.038034286,0.030090991,0.015836634,0.052765653,0.003431330,0.044508383,0.054750066,0.000002419,0.000004406
0.000001631,0.001382106,0.002227802,0.343662322,0.364517629,0.165960550,0.000160523,0.000000729,0.000000647,0.444828331,0.239815965,0.563119054,0.549391150,0.033386406,0.113382816,0.120506831,0.046726819,0.009582339,0.013187542,0.557236195,0.536635399,0.001234476,0.002006101,0.000218038,0.043462671,0.012901038,0.000000843,0.000586936,0.008548371,0.009255649,0.049078256,0.034058843,0.000043927,0.010851395,0.002892788,0.004214905,0.368298262,0.305352986,0.000076282,0.000015747,0.172841892,0.036114711,0.078734875,0.025573082,0.018547297,0.007707145,0.062601537,0.006261901,0.001612835,0.001814623,0.000001018,0.000002858
0.000001663,0.001329111,0.002105298,0.352907628,0.366544873,0.172095627,0.000166157,0.000000751,0.000000666,0.442517072,0.242106110,0.569301963,0.556286097,0.034872018,0.109013923,0.117569931,0.048499607,0.009408736,0.012743874,0.558945775,0.538300455,0.001254719,0.001997302,0.000224813,0.043284364,0.012689323,0.000000827,0.000571731,0.008740160,0.009233911,0.051584061,0.035953045,0.000043609,0.011319656,0.002932612,0.004352163,0.374903083,0.308247834,0.000072853,0.000014876,0.173798963,0.036088031,0.079568692,0.025834361,0.019798029,0.008204275,0.066173598,0.006659354,0.001733796,0.001939784,0.000001031,0.000002903
0.000001633,0.001366161,0.002128623,0.346165538,0.376313180,0.171367168,0.000160956,0.000000723,0.000000642,0.435390502,0.239113867,0.565369964,0.551257491,0.035121195,0.108038031,0.116657928,0.048852079,0.009571331,0.012859642,0.563014150,0.529193163,0.001283493,0.001992241,0.000214604,0.044049658,0.012528355,0.000000842,0.000548379,0.008296288,0.009333391,0.047741421,0.033151977,0.000042329,0.010855732,0.002931527,0.004251243,0.363487393,0.308028817,0.000074391,0.000015831,0.179827988,0.036526397,0.083500162,0.026971705,0.018073676,0.007660827,0.058668312,0.006191711,0.001613251,0.001851751,0.000001026,0.000002840
0.000002436,0.005507626,0.006740735,0.291024178,0.182301611,0.080939472,0.000066870,0.000000914,0.000000744,0.520634651,0.233370915,0.541871428,0.534394741,0.108424962,0.033052020,0.043812878,0.115368716,0.007705073,0.013189706,0.473041326,0.484357119,0.000822157,0.001770296,0.000081584,0.022494119,0.007187963,0.000000847,0.000338849,0.006347752,0.013859476,0.091349773,0.072153330,0.000030113,0.002824708,0.000927203,0.001176726,0.287105888,0.306446850,0.000103754,0.000090869,0.141484484,0.024784870,0.273165554,0.058249403,0.013497825,0.007221252,0.051290140,0.012409307,0.002249891,0.003473710,0.000001239,0.000003522
0.000002156,0.002971030,0.003103154,0.432348043,0.244273663,0.113139339,0.000074326,0.000001029,0.000000729,0.480589241,0.175884411,0.484545708,0.469614148,0.126163244,0.027574521,0.040667687,0.132842049,0.009497243,0.016810194,0.507907331,0.476204365,0.000966729,0.002744283,0.000095521,0.026239216,0.007072674,0.000000884,0.000277206,0.006157927,0.015429964,0.060001537,0.041827776,0.000030878,0.003482754,0.001237421,0.001521194,0.322123080,0.320945412,0.000091142,0.000088393,0.139043912,0.027322838,0.254573226,0.062481016,0.014205014,0.007252083,0.054952912,0.007637796,0.002424651,0.003960656,0.000001263,0.000003049
0.000002028,0.002503872,0.002539670,0.450647831,0.277674019,0.124030881,0.000070265,0.000000998,0.000000705,0.475529104,0.168341100,0.483325392,0.467810690,0.115813635,0.030219676,0.043513305,0.122756332,0.009443625,0.016885154,0.507500410,0.475346416,0.000986280,0.002836409,0.000091441,0.024965242,0.007429265,0.000000984,0.000272395,0.004926144,0.015707379,0.049226962,0.035199545,0.000030264,0.002907833,0.001409505,0.001675898,0.296241552,0.341279864,0.000096131,0.000114281,0.146089360,0.031431597,0.251288205,0.061586980,0.009999494,0.005656919,0.038695496,0.007428390,0.002267194,0.003997726,0.000001310,0.000002897
0.000001481,0.001285649,0.000883829,0.563740373,0.335277706,0.258886069,0.000056943,0.000001568,0.000000428,0.294395745,0.086845748,0.222969919,0.187235594,0.033449844,0.104547642,0.099446885,0.037330497,0.032515183,0.046609003,0.496514410,0.401022941,0.001348529,0.006097947,0.000166987,0.014419653,0.005006202,0.000002657,0.000204834,0.003644894,0.001109356,0.030227115,0.019063361,0.000632373,0.005403273,0.002850669,0.005788040,0.072927430,0.015147415,0.006863303,0.000087655,0.015964147,0.001235878,0.118058980,0.226634264,0.003557794,0.001038829,0.057813320,0.002419560,0.068520963,0.062848412,0.000004762,0.000001506
0.000001582,0.001567321,0.001051138,0.542681754,0.298553646,0.241719902,0.000060499,0.000001650,0.000000443,0.297854871,0.089349464,0.217659280,0.181266159,0.033078633,0.106792256,0.099243119,0.035826456,0.033430871,0.048042417,0.496141344,0.402436435,0.001292007,0.005778071,0.000168530,0.015583105,0.006095805,0.000002804,0.000238293,0.003981248,0.001006675,0.034265358,0.022254545,0.000674935,0.005057179,0.002921062,0.006288222,0.072077706,0.013457768,0.007040706,0.000084230,0.017290102,0.001326880,0.107995965,0.223807126,0.003379432,0.000941671,0.059989333,0.002533953,0.062291481,0.055459570,0.000004656,0.000001639
0.000001562,0.001524752,0.001027648,0.547153831,0.302884459,0.241225824,0.000059596,0.000001661,0.000000442,0.302156180,0.089013577,0.220764488,0.185043141,0.033456810,0.105269380,0.098484464,0.036780730,0.032774158,0.047385018,0.498667955,0.403945327,0.001283324,0.005809452,0.000169194,0.015951090,0.005933412,0.000002671,0.000236615,0.003884543,0.000985837,0.034379266,0.022415156,0.000678629,0.005359924,0.002878712,0.006117500,0.069844611,0.013338457,0.007392509,0.000080790,0.017003527,0.001276433,0.109804235,0.226264566,0.003385592,0.000946143,0.060405225,0.002592317,0.064284690,0.057141364,0.000004661,0.000001632
0.000000712,0.001753319,0.003384436,0.278726071,0.439292371,0.179358438,0.000028740,0.000000216,0.000000218,0.322312266,0.176983029,0.409747690,0.399509013,0.048870578,0.067423806,0.087444849,0.065307647,0.013931969,0.015820857,0.427891344,0.348504990,0.001552236,0.002434376,0.000071634,0.010631301,0.002708365,0.000002521,0.000194692,0.014402364,0.007019984,0.000683414,0.000426868,0.000278011,0.005019952,0.000547117,0.000755227,0.242079824,0.050721418,0.003341396,0.000369291,0.014213650,0.002677583,0.074231528,0.043000538,0.006065284,0.001718646,0.007129913,0.000280968,0.001903324,0.002207400,0.000002489,0.000000625
0.000000742,0.002160330,0.003986927,0.260075539,0.410482019,0.168548912,0.000029565,0.000000208,0.000000217,0.312090605,0.180063114,0.391480327,0.381721497,0.049193021,0.065070473,0.087285683,0.067693032,0.015278717,0.016852701,0.434798211,0.345994443,0.001594203,0.002379348,0.000070322,0.011267710,0.002987429,0.000002526,0.000212531,0.014179703,0.006785373,0.000674492,0.000424796,0.000270338,0.004938089,0.000549884,0.000771285,0.247504398,0.051177476,0.003154435,0.000360242,0.015576875,0.003056692,0.070815809,0.039223973,0.005647961,0.001579489,0.006757898,0.000277612,0.001599068,0.001851390,0.000002331,0.000000653
0.000000742,0.002157428,0.003994370,0.259662032,0.410683960,0.168544188,0.000029567,0.000000208,0.000000218,0.312637955,0.180906385,0.391682297,0.382006347,0.049339097,0.064906172,0.087160721,0.067865856,0.015266777,0.016844882,0.434773147,0.346338779,0.001590191,0.002363732,0.000070106,0.011348333,0.003002438,0.000002533,0.000213791,0.014219464,0.006767625,0.000666468,0.000419232,0.000271778,0.004981750,0.000548009,0.000770564,0.247825891,0.050905544,0.003189105,0.000359740,0.015639111,0.003079924,0.070735283,0.039135516,0.005594282,0.001557042,0.006733011,0.000274660,0.001584094,0.001830945,0.000002328,0.000000651
0.000000381,0.001200797,0.001311432,0.498653114,0.361277372,0.161913142,0.000196418,0.000002309,0.000000747,0.511703074,0.222885653,0.567390323,0.570536852,0.067434058,0.065106280,0.060766265,0.072243758,0.008703383,0.012676033,0.460991412,0.447412342,0.000911632,0.002383111,0.001534737,0.058808193,0.048315868,0.000009811,0.000356488,0.002017031,0.001479086,0.004076411,0.002240660,0.020636113,0.000719090,0.162049994,0.266728967,0.021234188,0.006361373,0.019960549,0.000396405,0.002880359,0.003220887,0.001320906,0.067067482,0.018568275,0.005976932,0.210488975,0.005386502,0.280329913,0.252456754,0.000007759,0.000002413
0.000000382,0.001223817,0.001335034,0.497184634,0.359344214,0.160121202,0.000197987,0.000002329,0.000000752,0.517457962,0.225440979,0.573475599,0.577516019,0.067261159,0.065172933,0.061052877,0.072292842,0.008453353,0.012371968,0.460336953,0.446303695,0.000897184,0.002342376,0.001548278,0.059803259,0.049676929,0.000009912,0.000365025,0.002015868,0.001473094,0.004126491,0.002277517,0.020880416,0.000735048,0.162378356,0.267364442,0.021027490,0.006309032,0.020105809,0.000385935,0.002889361,0.003227796,0.001300590,0.066648610,0.018696401,0.006015528,0.211054906,0.005459762,0.277356744,0.248825923,0.000007762,0.000002452
0.000000382,0.001226290,0.001347528,0.497752547,0.358527958,0.158679545,0.000197203,0.000002355,0.000000756,0.516468763,0.225797430,0.576694846,0.581022739,0.067297652,0.065140620,0.060992055,0.072423525,0.008368506,0.012181405,0.459216595,0.445805430,0.000904292,0.002341665,0.001563637,0.058482550,0.048506420,0.000009956,0.000358913,0.001991224,0.001479838,0.004352163,0.002409652,0.020880587,0.000730253,0.162344232,0.266488165,0.020576494,0.006290757,0.020234250,0.000383641,0.002893068,0.003199094,0.001313463,0.066972889,0.018692404,0.006074272,0.216089785,0.005714840,0.279605150,0.252043277,0.000007823,0.000002467
0.000000297,0.003656449,0.006692375,0.273266762,0.252740234,0.101823993,0.000169505,0.000000671,0.000000427,0.366571426,0.171334878,0.501048505,0.489463657,0.071031511,0.053653788,0.061611388,0.079428002,0.010234112,0.013032616,0.481817544,0.360961825,0.001146970,0.003239630,0.000631591,0.298156589,0.095221967,0.000003929,0.001316420,0.001735945,0.008433201,0.000948235,0.000271494,0.004790761,0.007647322,0.059855055,0.051474612,0.044536144,0.030040527,0.005010665,0.000055892,0.010350207,0.026837397,0.001019998,0.016933611,0.002942889,0.000882544,0.134254381,0.000419016,0.003291258,0.003577240,0.000002207,0.000001695
0.000000278,0.002897630,0.006159533,0.285978049,0.300846845,0.103777677,0.000143578,0.000000675,0.000000414,0.378759325,0.171479329,0.523528099,0.522335410,0.067364864,0.054562647,0.066292360,0.080660686,0.008798058,0.011979117,0.452036440,0.374420851,0.001096284,0.003342206,0.000587713,0.240416676,0.076321743,0.000004439,0.001093493,0.001965513,0.007168335,0.000794522,0.000234931,0.005573402,0.007703673,0.047505759,0.043035980,0.045035668,0.023562552,0.007197651,0.000069987,0.008266045,0.022802750,0.001032864,0.018646993,0.002857006,0.000786492,0.116108671,0.000358281,0.003523073,0.003668526,0.000002533,0.000001614
0.000000351,0.003234149,0.004678129,0.254166305,0.316506952,0.142498270,0.000216591,0.000000790,0.000000453,0.427478373,0.215848759,0.631429195,0.643866062,0.033934776,0.098958343,0.113316700,0.051515542,0.005502039,0.006334307,0.433628350,0.344693482,0.000994912,0.002458825,0.000676996,0.238179475,0.085733987,0.000006326,0.001211112,0.002495776,0.014065815,0.000590211,0.000155726,0.006198213,0.005888406,0.063555054,0.055133820,0.070088275,0.035121772,0.006871625,0.000127424,0.011217159,0.029049756,0.001453159,0.026968148,0.003886832,0.001071716,0.124309808,0.000246834,0.004725713,0.006097484,0.000002929,0.000001796
0.000000790,0.001102822,0.003589551,0.351289630,0.436539412,0.139777258,0.000160970,0.000001132,0.000000489,0.400775403,0.265234530,0.644837379,0.631738901,0.064673558,0.058255732,0.065933973,0.069128402,0.006033672,0.005968511,0.453693271,0.388355732,0.001252741,0.001771956,0.000506772,0.017330406,0.018406751,0.000010607,0.000465590,0.003168320,0.012302431,0.002944052,0.001445173,0.001758713,0.000523341,0.022843819,0.022700319,0.119773880,0.082353711,0.001235571,0.001136199,0.006053395,0.006643381,0.005240105,0.066717692,0.045528919,0.025073225,0.079801187,0.003696685,0.033672016,0.054360058,0.000005134,0.000003019
0.000000772,0.001179764,0.005690940,0.306318343,0.421415329,0.113515422,0.000168117,0.000000880,0.000000403,0.433573306,0.313704520,0.667679846,0.659952641,0.037350632,0.091110684,0.099990577,0.048375987,0.005412858,0.004869037,0.477317721,0.397254854,0.001131856,0.001176592,0.000419100,0.022945387,0.020093804,0.000008374,0.000543049,0.003022394,0.016294772,0.002648227,0.001161541,0.001459489,0.000679379,0.019083492,0.017377967,0.115375571,0.085918754,0.001334030,0.001031873,0.007869622,0.007235130,0.006684671,0.069698073,0.029381974,0.015797034,0.062798984,0.001889818,0.023205122,0.043143392,0.000004323,0.000002696
0.000000730,0.001312606,0.006116516,0.293556809,0.418841660,0.113365002,0.000159888,0.000000797,0.000000386,0.420292586,0.310189605,0.660394490,0.653379440,0.032308612,0.100197807,0.110382721,0.044720702,0.005558653,0.004959254,0.465210408,0.390645683,0.001198456,0.001212123,0.000413808,0.019963004,0.018174859,0.000008916,0.000476364,0.003096096,0.014708761,0.002528378,0.001116899,0.001430591,0.000656386,0.018211948,0.016891118,0.111753225,0.075047463,0.001425690,0.001051144,0.007033869,0.006859281,0.006155389,0.067345470,0.028523477,0.014827289,0.063266955,0.001814473,0.022542065,0.041185673,0.000004510,0.000002622
0.000001047,0.000442863,0.001977495,0.481781334,0.543620110,0.157631919,0.000305277,0.000001673,0.000000813,0.355926871,0.261692047,0.621285558,0.605575144,0.066300914,0.053740349,0.066498645,0.074240103,0.008076834,0.007202784,0.540507078,0.461047113,0.001679718,0.001850188,0.000972743,0.026779482,0.021503083,0.000008321,0.000424859,0.003753765,0.015602078,0.002053429,0.001083141,0.002446273,0.000399083,0.060038805,0.072635703,0.158915758,0.124397404,0.000897447,0.001696133,0.006762421,0.010696947,0.005473904,0.075752005,0.112015381,0.064183339,0.098382823,0.006604483,0.172985509,0.247410446,0.000006117,0.000003942
0.000001004,0.000462549,0.002035293,0.467002869,0.542058945,0.158076614,0.000318121,0.000001651,0.000000836,0.348514050,0.266606510,0.626609087,0.610979795,0.070711300,0.050395634,0.063538976,0.079375893,0.008173282,0.006815615,0.543874860,0.443317801,0.001728899,0.001816169,0.001022384,0.025951255,0.022158699,0.000008801,0.000441772,0.003573734,0.015924323,0.001853802,0.000964638,0.002521883,0.000415905,0.062368903,0.073509209,0.141986340,0.125415653,0.000926393,0.001504974,0.006573235,0.010792129,0.005100994,0.071917452,0.130834758,0.080787674,0.112238228,0.008614863,0.178345770,0.265059590,0.000005765,0.000003873
0.000001046,0.000476904,0.002090886,0.454069018,0.552920938,0.165861443,0.000321055,0.000001632,0.000000840,0.360340595,0.273221254,0.628713012,0.615114093,0.059306495,0.059413735,0.072314128,0.069533058,0.007878764,0.006795004,0.540754676,0.460346550,0.001614267,0.001728225,0.000983812,0.025719414,0.022890050,0.000008826,0.000467405,0.003695616,0.016149893,0.001949994,0.001017816,0.002351557,0.000390751,0.058502745,0.069483891,0.148272827,0.126278326,0.000882972,0.001607582,0.006806326,0.010813846,0.005178263,0.071323849,0.126405835,0.077189952,0.109910972,0.008504480,0.163951918,0.246485382,0.000005712,0.000004011
0.000000582,0.002752704,0.020173009,0.162206426,0.276742578,0.053270243,0.000660946,0.000001723,0.000001486,0.566013038,0.334092081,0.728575349,0.735155642,0.072812378,0.059119940,0.060529865,0.079188801,0.004245185,0.005200026,0.444545925,0.481782824,0.000810865,0.001293531,0.003072227,0.072802380,0.048471142,0.000010801,0.000710660,0.003804963,0.017511787,0.003111159,0.001482282,0.005009726,0.003015608,0.411662102,0.424828440,0.045673419,0.082718581,0.001981258,0.000064040,0.011950577,0.012484232,0.002062086,0.047806617,0.149186030,0.108834624,0.274127573,0.015688054,0.215663746,0.294022769,0.000003682,0.000004914
0.000000580,0.002886798,0.019949378,0.167732865,0.270514011,0.053125903,0.000656812,0.000001730,0.000001548,0.566808999,0.323040009,0.722293973,0.728071332,0.079119958,0.054008950,0.056288846,0.086052321,0.004370162,0.005439303,0.438429594,0.469356656,0.000818919,0.001391025,0.003223889,0.070892997,0.046879798,0.000010950,0.000671116,0.003888652,0.016904695,0.003331822,0.001616299,0.005054684,0.003124556,0.426425815,0.441042125,0.044255596,0.081101276,0.001976606,0.000058986,0.011818834,0.012389256,0.001984951,0.045923498,0.152391240,0.113383263,0.275590897,0.017440889,0.217036188,0.293873370,0.000003749,0.000005057
0.000000585,0.002766456,0.020123679,0.164383441,0.274278104,0.052335408,0.000669456,0.000001667,0.000001488,0.574697733,0.343534559,0.730723858,0.736230016,0.078025751,0.055839144,0.057287637,0.084180646,0.004264835,0.005164117,0.443116874,0.477185339,0.000801285,0.001217776,0.003190102,0.068098217,0.046131290,0.000011280,0.000678529,0.003979587,0.017520774,0.003028363,0.001455782,0.005113747,0.003190054,0.421021581,0.437099516,0.047090854,0.085357368,0.001948099,0.000059372,0.011890050,0.012580646,0.002069419,0.046295594,0.159918800,0.117462933,0.271831036,0.016320864,0.222088084,0.301342070,0.000003693,0.000004840
0.000000845,0.003230726,0.009893275,0.269499481,0.248158216,0.075290479,0.000461415,0.000002024,0.000001013,0.360450953,0.205653712,0.517496824,0.525429130,0.014758752,0.126309037,0.191280767,0.046006754,0.010467013,0.011451733,0.302971452,0.408919871,0.001938946,0.002980881,0.001459088,0.064607434,0.045053370,0.000008170,0.000531755,0.003940167,0.009694444,0.010764970,0.005391805,0.002365871,0.002082591,0.179257303,0.188747942,0.062434498,0.057413656,0.001731219,0.000112983,0.020216599,0.012480287,0.005448203,0.091662683,0.028533621,0.013131104,0.212772712,0.004760942,0.127217859,0.170571610,0.000004323,0.000006428
0.000001003,0.001927283,0.008293207,0.290392190,0.312891424,0.081671260,0.000624012,0.000002730,0.000001693,0.268047363,0.149423748,0.459301353,0.470534116,0.012317019,0.111039832,0.222896829,0.054522768,0.013207064,0.013464164,0.310166955,0.410410166,0.002950282,0.004947859,0.002493911,0.051179435,0.038752761,0.000009696,0.000509145,0.004515179,0.011328571,0.008690490,0.004891727,0.002370145,0.001828156,0.279431343,0.303929359,0.080462404,0.089263789,0.001216641,0.000126287,0.019829700,0.013374550,0.005126800,0.079389364,0.070546068,0.038603131,0.233998582,0.011294607,0.194886386,0.258077949,0.000004900,0.000008718
0.000001036,0.001557659,0.005898908,0.350124002,0.331926167,0.095870562,0.000597780,0.000003393,0.000001886,0.276030004,0.137774810,0.469690830,0.481033832,0.012764936,0.102968164,0.227499604,0.059351612,0.012859908,0.013323410,0.317385495,0.418244243,0.002932188,0.005643846,0.002593423,0.055887423,0.036630686,0.000009186,0.000480204,0.004212117,0.010716791,0.012109509,0.006999372,0.002436742,0.002024261,0.274986029,0.298220158,0.073069520,0.086286537,0.001277557,0.000109386,0.020891191,0.013443341,0.006405235,0.087778226,0.065079972,0.037160303,0.272505790,0.014902779,0.235597417,0.311180890,0.000005109,0.000009037
0.000001185,0.001964497,0.003481241,0.406531066,0.283369750,0.091832429,0.000582877,0.000002192,0.000001278,0.174877718,0.113440126,0.440562755,0.429371506,0.028365573,0.085820615,0.125870287,0.058386851,0.016834280,0.017486554,0.336077839,0.434940517,0.005630431,0.006146572,0.003135855,0.101926781,0.049313933,0.000005404,0.000321719,0.002919616,0.005990643,0.053783394,0.047486670,0.001442558,0.005848175,0.481849134,0.552460432,0.067334764,0.146674573,0.000495076,0.000015110,0.019901700,0.010184343,0.007982241,0.059447933,0.025031319,0.021632379,0.044131409,0.028615460,0.189330950,0.227069974,0.000006146,0.000011156
0.000001291,0.001921424,0.003254040,0.419758081,0.282898039,0.093596652,0.000620664,0.000002459,0.000001354,0.174094632,0.118282460,0.443489492,0.432004333,0.027186068,0.086877219,0.129131153,0.058659844,0.017097091,0.016898062,0.334217548,0.419828534,0.005802345,0.005857539,0.003258597,0.097568430,0.053441003,0.000006391,0.000334706,0.002906164,0.006026280,0.064751104,0.057987280,0.001634780,0.005451730,0.487148374,0.553047121,0.063230589,0.144387186,0.000532833,0.000015499,0.019875763,0.009604934,0.008062636,0.064426988,0.025397716,0.022779724,0.048936002,0.033959366,0.199511468,0.245270327,0.000006459,0.000011978
0.000001139,0.001923719,0.003515782,0.407314658,0.282115161,0.089750528,0.000581596,0.000002204,0.000001229,0.171086535,0.112880617,0.434618920,0.423257172,0.028202318,0.086350717,0.125681251,0.057409979,0.017237918,0.017912487,0.335631520,0.445339561,0.005742847,0.006242194,0.002997525,0.109279245,0.053894460,0.000005686,0.000332966,0.002831582,0.005922403,0.053324811,0.045703631,0.001554511,0.005706860,0.489061624,0.557022870,0.063110083,0.136276498,0.000527721,0.000015531,0.019975085,0.010227754,0.007736779,0.060223870,0.022529760,0.019291146,0.043827172,0.023732500,0.185121283,0.220786035,0.000005967,0.000010918
0.000001199,0.004269057,0.009427811,0.246520817,0.187341154,0.058018558,0.000230867,0.000001496,0.000000684,0.310943604,0.196043551,0.459178656,0.435512334,0.018806411,0.178811461,0.165861011,0.023270814,0.016118625,0.017298732,0.397090793,0.452916145,0.002160722,0.002209101,0.001305423,0.144210711,0.042051014,0.000001816,0.000439590,0.001596256,0.001416398,0.057973217,0.053604916,0.003191407,0.003824220,0.087510996,0.145023510,0.027934887,0.025434775,0.002409013,0.000025518,0.009229985,0.004920598,0.004489090,0.084438667,0.008532046,0.004265076,0.049006142,0.018751979,0.144062996,0.142830715,0.000007204,0.000007017
0.000001161,0.004254065,0.009320287,0.240503997,0.191028908,0.059561763,0.000223735,0.000001405,0.000000664,0.318332583,0.203350514,0.460994899,0.438804537,0.018128529,0.183749259,0.171201438,0.022570999,0.015830891,0.017252078,0.396486312,0.455369055,0.002081985,0.002094821,0.001265223,0.130744815,0.038390577,0.000001846,0.000401069,0.001700851,0.001369833,0.054856502,0.050695848,0.003074085,0.003681581,0.081583276,0.140050545,0.029367631,0.024398606,0.002405803,0.000026717,0.008898127,0.004753846,0.004539399,0.083612397,0.008992743,0.004321632,0.049389210,0.017735757,0.144954264,0.140515670,0.000007265,0.000006652
0.000001161,0.004254065,0.009320287,0.240503997,0.191028908,0.059561763,0.000223735,0.000001405,0.000000664,0.318332583,0.203350514,0.460994899,0.438804537,0.018128529,0.183749259,0.171201438,0.022570999,0.015830891,0.017252078,0.396486312,0.455369055,0.002081985,0.002094821,0.001265223,0.130744815,0.038390577,0.000001846,0.000401069,0.001700851,0.001369833,0.054856502,0.050695848,0.003074085,0.003681581,0.081583276,0.140050545,0.029367631,0.024398606,0.002405803,0.000026717,0.008898127,0.004753846,0.004539399,0.083612397,0.008992743,0.004321632,0.049389210,0.017735757,0.144954264,0.140515670,0.000007265,0.000006652
0.000001309,0.002115890,0.011351211,0.354347855,0.257694960,0.038990650,0.000330028,0.000001964,0.000000514,0.319728553,0.223119602,0.458262533,0.439267665,0.017085901,0.154885069,0.163220003,0.030945489,0.014358778,0.015677594,0.388992548,0.488872796,0.001921675,0.001866224,0.001032360,0.135218710,0.078614563,0.000004257,0.001308362,0.000601986,0.016674185,0.013750757,0.006754132,0.002366961,0.001760369,0.139243856,0.109575041,0.048922144,0.204377040,0.001058760,0.000161451,0.015677579,0.009081409,0.008521876,0.093572795,0.011268370,0.011208806,0.039574545,0.005272152,0.077352859,0.181196645,0.000003649,0.000005680
0.000001309,0.002115890,0.011351211,0.354347855,0.257694960,0.038990650,0.000330028,0.000001964,0.000000514,0.319728553,0.223119602,0.458262533,0.439267665,0.017085901,0.154885069,0.163220003,0.030945489,0.014358778,0.015677594,0.388992548,0.488872796,0.001921675,0.001866224,0.001032360,0.135218710,0.078614563,0.000004257,0.001308362,0.000601986,0.016674185,0.013750757,0.006754132,0.002366961,0.001760369,0.139243856,0.109575041,0.048922144,0.204377040,0.001058760,0.000161451,0.015677579,0.009081409,0.008521876,0.093572795,0.011268370,0.011208806,0.039574545,0.005272152,0.077352859,0.181196645,0.000003649,0.000005680
0.000001261,0.002139035,0.008649957,0.355679780,0.241819024,0.040808298,0.000319618,0.000002050,0.000000451,0.288408577,0.210994691,0.418449670,0.382768393,0.022806963,0.128509015,0.131825015,0.035899214,0.019060355,0.018921508,0.432878226,0.467501968,0.002249074,0.002168036,0.000931155,0.109669521,0.105966017,0.000006415,0.001902741,0.000592640,0.017596612,0.015037361,0.006870616,0.002468887,0.001094435,0.123345301,0.083784640,0.047130108,0.191832408,0.000890967,0.000223459,0.015482220,0.011713984,0.005873121,0.069308996,0.011165174,0.010919158,0.067641400,0.005534574,0.043759175,0.106986448,0.000003003,0.000005358
